{
  "methods": [
    "sent",
    "gated_concat",
    "bilinear",
    "coattn",
    "late_interaction"
  ],
  "seeds": [42, 43, 44],
  "folds": 5,
  "runs": {
    "sent": [
      {
        "fusion_method": "sent",
        "seed": 42,
        "cv_val_acc_folds": [0.702586206896552, 0.734475374732334, 0.740286298568507, 0.770089285714286, 0.766292134831461],
        "cv_val_f1_folds": [0.686705478243724, 0.698759092854086, 0.687220241632006, 0.743282620153642, 0.712482032895269],
        "cv_test_acc_folds": [0.739811912225705, 0.750783699059561, 0.753918495297806, 0.739811912225705, 0.74294670846395],
        "cv_test_f1_folds": [0.690096158328069, 0.695178885738209, 0.694553124078986, 0.694940947337114, 0.677975159638991],
        "cv_val_f1_mean": 0.705689893155746,
        "cv_val_f1_std": 0.0234995655021597,
        "cv_test_f1_mean": 0.690548855024274,
        "cv_test_f1_std": 0.00733254014478705,
        "cv_val_confusion": {
          "cm_mean": [
            [135.2, 25.4, 12.6],
            [22, 50.6, 19.4],
            [14.2, 25.6, 157.6]
          ],
          "cm_std": [
            [14.4118007202431, 10.5261578935526, 4.82700735445887],
            [7.64852927038918, 12.0124934963562, 7.30068489937759],
            [4.54972526643093, 11.5455619178973, 14.0107101889947]
          ],
          "cm_mean_normalized": [
            [0.780600461893764, 0.146651270207852, 0.0727482678983834],
            [0.239130434782609, 0.55, 0.210869565217391],
            [0.07193515704154, 0.129685916919959, 0.798378926038501]
          ],
          "cm_std_normalized": [
            [0.083209011086854, 0.0607745836810197, 0.027869557473781],
            [0.0831361877216215, 0.130570581482133, 0.0793552706454086],
            [0.023048253629336, 0.0584881556124483, 0.0709762420921718]
          ]
        },
        "cv_val_oof_ens_acc": 0.74232598357112,
        "cv_val_oof_ens_f1": 0.707291814790229,
        "cv_val_oof_ens_confusion": {
          "cm_mean": [
            [676, 127, 63],
            [110, 253, 97],
            [71, 128, 788]
          ],
          "cm_std": [
            [0, 0, 0],
            [0, 0, 0],
            [0, 0, 0]
          ],
          "cm_mean_normalized": [
            [0.780600461893764, 0.146651270207852, 0.0727482678983834],
            [0.239130434782609, 0.55, 0.210869565217391],
            [0.07193515704154, 0.129685916919959, 0.798378926038501]
          ],
          "cm_std_normalized": [
            [0, 0, 0],
            [0, 0, 0],
            [0, 0, 0]
          ]
        },
        "cv_test_ens_acc": 0.761755485893417,
        "cv_test_ens_f1": 0.705710963901907,
        "cv_test_ens_confusion": {
          "cm_mean": [
            [103, 12, 13],
            [54, 77, 38],
            [16, 19, 306]
          ],
          "cm_std": [
            [0, 0, 0],
            [0, 0, 0],
            [0, 0, 0]
          ],
          "cm_mean_normalized": [
            [0.8046875, 0.09375, 0.1015625],
            [0.319526627218935, 0.455621301775148, 0.224852071005917],
            [0.0469208211143695, 0.0557184750733138, 0.897360703812317]
          ],
          "cm_std_normalized": [
            [0, 0, 0],
            [0, 0, 0],
            [0, 0, 0]
          ]
        },
        "full_test_acc": 0.763322884012539,
        "full_test_f1": 0.703723900195939
      },
      {
        "fusion_method": "sent",
        "seed": 43,
        "cv_val_acc_folds": [0.724137931034483, 0.753747323340471, 0.764826175869121, 0.810267857142857, 0.759550561797753],
        "cv_val_f1_folds": [0.678559822848014, 0.715715198771535, 0.728562425318013, 0.780509101239406, 0.707104243438425],
        "cv_test_acc_folds": [0.747648902821317, 0.753918495297806, 0.75705329153605, 0.750783699059561, 0.744514106583072],
        "cv_test_f1_folds": [0.69146207087588, 0.709692553954849, 0.708206030567084, 0.693612658913381, 0.670593058337164],
        "cv_val_f1_mean": 0.722090158323079,
        "cv_val_f1_std": 0.037465887792432,
        "cv_test_f1_mean": 0.694713274529671,
        "cv_test_f1_std": 0.0158113866144722,
        "cv_val_confusion": {
          "cm_mean": [
            [143.8, 14.6, 14.8],
            [25.8, 46.2, 20],
            [16.8, 18, 162.6]
          ],
          "cm_std": [
            [3.03315017762062, 6.65582451691749, 2.58843582110896],
            [5.35723809439155, 6.97853852894716, 2.64575131106459],
            [1.6431676725155, 6.51920240520265, 9.31665175908169]
          ],
          "cm_mean_normalized": [
            [0.830254041570439, 0.0842956120092379, 0.0854503464203233],
            [0.280434782608696, 0.502173913043478, 0.217391304347826],
            [0.0851063829787234, 0.0911854103343465, 0.82370820668693]
          ],
          "cm_std_normalized": [
            [0.0175124144204424, 0.0384285480191541, 0.0149447795676037],
            [0.0582308488520821, 0.0758536796624691, 0.0287581664246151],
            [0.00832405102591438, 0.033025341465059, 0.0471968174218931]
          ]
        },
        "cv_val_oof_ens_acc": 0.762213575443147,
        "cv_val_oof_ens_f1": 0.72148978127795,
        "cv_val_oof_ens_confusion": {
          "cm_mean": [
            [719, 73, 74],
            [129, 231, 100],
            [84, 90, 813]
          ],
          "cm_std": [
            [0, 0, 0],
            [0, 0, 0],
            [0, 0, 0]
          ],
          "cm_mean_normalized": [
            [0.830254041570439, 0.0842956120092379, 0.0854503464203233],
            [0.280434782608696, 0.502173913043478, 0.217391304347826],
            [0.0851063829787234, 0.0911854103343465, 0.82370820668693]
          ],
          "cm_std_normalized": [
            [0, 0, 0],
            [0, 0, 0],
            [0, 0, 0]
          ]
        },
        "cv_test_ens_acc": 0.752351097178683,
        "cv_test_ens_f1": 0.696507169180729,
        "cv_test_ens_confusion": {
          "cm_mean": [
            [108, 9, 11],
            [66, 75, 28],
            [22, 22, 297]
          ],
          "cm_std": [
            [0, 0, 0],
            [0, 0, 0],
            [0, 0, 0]
          ],
          "cm_mean_normalized": [
            [0.84375, 0.0703125, 0.0859375],
            [0.390532544378698, 0.443786982248521, 0.165680473372781],
            [0.0645161290322581, 0.0645161290322581, 0.870967741935484]
          ],
          "cm_std_normalized": [
            [0, 0, 0],
            [0, 0, 0],
            [0, 0, 0]
          ]
        },
        "full_test_acc": 0.768025078369906,
        "full_test_f1": 0.710267305620514
      },
      {
        "fusion_method": "sent",
        "seed": 44,
        "cv_val_acc_folds": [0.728448275862069, 0.745182012847966, 0.683026584867076, 0.772321428571429, 0.750561797752809],
        "cv_val_f1_folds": [0.680774126006523, 0.718106864449886, 0.666126048433919, 0.749248007621617, 0.68960764462443],
        "cv_test_acc_folds": [0.736677115987461, 0.717868338557994, 0.697492163009404, 0.739811912225705, 0.747648902821317],
        "cv_test_f1_folds": [0.690253735910093, 0.673722183304585, 0.664624347940771, 0.699275422785937, 0.677962764767357],
        "cv_val_f1_mean": 0.700772538227275,
        "cv_val_f1_std": 0.0330731030979433,
        "cv_test_f1_mean": 0.681167690941749,
        "cv_test_f1_std": 0.0136915621745125,
        "cv_val_confusion": {
          "cm_mean": [
            [140.6, 22, 10.6],
            [25.8, 51, 15.2],
            [20.8, 28.2, 148.4]
          ],
          "cm_std": [
            [7.76530746332687, 11.0227038425243, 3.50713558335004],
            [8.75785361832453, 14.142135623731, 6.94262198308391],
            [3.96232255123179, 17.4413302244984, 11.0136279218067]
          ],
          "cm_mean_normalized": [
            [0.811778290993072, 0.1270207852194, 0.0612009237875289],
            [0.280434782608696, 0.554347826086957, 0.165217391304348],
            [0.105369807497467, 0.142857142857143, 0.75177304964539]
          ],
          "cm_std_normalized": [
            [0.044834338702811, 0.0636414771508332, 0.0202490507121827],
            [0.0951940610687449, 0.153718865475336, 0.0754632824248251],
            [0.0200725559839503, 0.0883552696276513, 0.0557934545177644]
          ]
        },
        "cv_val_oof_ens_acc": 0.734976221357544,
        "cv_val_oof_ens_f1": 0.702300924060733,
        "cv_val_oof_ens_confusion": {
          "cm_mean": [
            [703, 110, 53],
            [129, 255, 76],
            [104, 141, 742]
          ],
          "cm_std": [
            [0, 0, 0],
            [0, 0, 0],
            [0, 0, 0]
          ],
          "cm_mean_normalized": [
            [0.811778290993072, 0.1270207852194, 0.0612009237875289],
            [0.280434782608696, 0.554347826086957, 0.165217391304348],
            [0.105369807497467, 0.142857142857143, 0.75177304964539]
          ],
          "cm_std_normalized": [
            [0, 0, 0],
            [0, 0, 0],
            [0, 0, 0]
          ]
        },
        "cv_test_ens_acc": 0.741379310344828,
        "cv_test_ens_f1": 0.693166743965094,
        "cv_test_ens_confusion": {
          "cm_mean": [
            [113, 9, 6],
            [63, 77, 29],
            [33, 25, 283]
          ],
          "cm_std": [
            [0, 0, 0],
            [0, 0, 0],
            [0, 0, 0]
          ],
          "cm_mean_normalized": [
            [0.8828125, 0.0703125, 0.046875],
            [0.372781065088757, 0.455621301775148, 0.171597633136095],
            [0.0967741935483871, 0.0733137829912024, 0.829912023460411]
          ],
          "cm_std_normalized": [
            [0, 0, 0],
            [0, 0, 0],
            [0, 0, 0]
          ]
        },
        "full_test_acc": 0.764890282131661,
        "full_test_f1": 0.710315344130527
      }
    ],
    "gated_concat": [
      {
        "fusion_method": "gated_concat",
        "seed": 42,
        "cv_val_acc_folds": [0.739224137931035, 0.755888650963598, 0.730061349693252, 0.776785714285714, 0.752808988764045],
        "cv_val_f1_folds": [0.713598631945469, 0.713562630772881, 0.68139459107201, 0.742183755845812, 0.709368191721133],
        "cv_test_acc_folds": [0.731974921630094, 0.746081504702194, 0.747648902821317, 0.74294670846395, 0.755485893416928],
        "cv_test_f1_folds": [0.674613554294773, 0.678946016694361, 0.69017555897464, 0.689400532782026, 0.708860830184464],
        "cv_val_f1_mean": 0.712021560271461,
        "cv_val_f1_std": 0.0215619555132915,
        "cv_test_f1_mean": 0.688399298586053,
        "cv_test_f1_std": 0.0132499351925245,
        "cv_val_confusion": {
          "cm_mean": [
            [136.2, 20.8, 16.2],
            [21, 47.4, 23.6],
            [16.2, 17.6, 163.6]
          ],
          "cm_std": [
            [6.30079360080935, 4.43846820423443, 5.58569601750758],
            [4.69041575982343, 5.59464029227975, 8.29457654133109],
            [2.68328157299975, 3.97492138287036, 10.4546640309481]
          ],
          "cm_mean_normalized": [
            [0.786374133949192, 0.120092378752887, 0.0935334872979215],
            [0.228260869565217, 0.515217391304348, 0.256521739130435],
            [0.0820668693009119, 0.0891590678824722, 0.828774062816616]
          ],
          "cm_std_normalized": [
            [0.0363787159400078, 0.0256262598396907, 0.0322499770063948],
            [0.0509827799980808, 0.0608113075247798, 0.0901584406666423],
            [0.013593118404254, 0.0201363798524334, 0.0529618238649853]
          ]
        },
        "cv_val_oof_ens_acc": 0.750540423692175,
        "cv_val_oof_ens_f1": 0.711775223027058,
        "cv_val_oof_ens_confusion": {
          "cm_mean": [
            [681, 104, 81],
            [105, 237, 118],
            [80, 89, 818]
          ],
          "cm_std": [
            [0, 0, 0],
            [0, 0, 0],
            [0, 0, 0]
          ],
          "cm_mean_normalized": [
            [0.786374133949192, 0.120092378752887, 0.0935334872979215],
            [0.228260869565217, 0.515217391304348, 0.256521739130435],
            [0.0810536980749747, 0.0901722391084093, 0.828774062816616]
          ],
          "cm_std_normalized": [
            [0, 0, 0],
            [0, 0, 0],
            [0, 0, 0]
          ]
        },
        "cv_test_ens_acc": 0.75705329153605,
        "cv_test_ens_f1": 0.704229878546604,
        "cv_test_ens_confusion": {
          "cm_mean": [
            [105, 11, 12],
            [57, 79, 33],
            [20, 22, 299]
          ],
          "cm_std": [
            [0, 0, 0],
            [0, 0, 0],
            [0, 0, 0]
          ],
          "cm_mean_normalized": [
            [0.8203125, 0.0859375, 0.09375],
            [0.337278106508876, 0.467455621301775, 0.195266272189349],
            [0.0586510263929619, 0.0645161290322581, 0.87683284457478]
          ],
          "cm_std_normalized": [
            [0, 0, 0],
            [0, 0, 0],
            [0, 0, 0]
          ]
        },
        "full_test_acc": 0.735109717868339,
        "full_test_f1": 0.673197156293627
      },
      {
        "fusion_method": "gated_concat",
        "seed": 43,
        "cv_val_acc_folds": [0.730603448275862, 0.758029978586724, 0.740286298568507, 0.801339285714286, 0.750561797752809],
        "cv_val_f1_folds": [0.702412782698672, 0.708882381892871, 0.700418994333996, 0.773323576538272, 0.704382533909742],
        "cv_test_acc_folds": [0.747648902821317, 0.750783699059561, 0.753918495297806, 0.738244514106583, 0.747648902821317],
        "cv_test_f1_folds": [0.703641179780678, 0.686892704436564, 0.701379794046893, 0.686413972500929, 0.679683434474565],
        "cv_val_f1_mean": 0.717884053874711,
        "cv_val_f1_std": 0.0311498408886782,
        "cv_test_f1_mean": 0.691602217047926,
        "cv_test_f1_std": 0.0103886043841126,
        "cv_val_confusion": {
          "cm_mean": [
            [140.4, 17.4, 15.4],
            [24.8, 47.6, 19.6],
            [19.2, 16.6, 161.6]
          ],
          "cm_std": [
            [4.15932686861708, 3.71483512420134, 3.13049516849971],
            [4.76445169982864, 6.84105255059483, 6.42650760522385],
            [6.30079360080935, 6.10737259384099, 11.9079805172834]
          ],
          "cm_mean_normalized": [
            [0.810623556581986, 0.100461893764434, 0.0889145496535797],
            [0.269565217391304, 0.517391304347826, 0.21304347826087],
            [0.0972644376899696, 0.0840932117527862, 0.818642350557244]
          ],
          "cm_std_normalized": [
            [0.0240145893107222, 0.0214482397471209, 0.0180744524740168],
            [0.0517875184763982, 0.0743592668542916, 0.0698533435350419],
            [0.0319189138845458, 0.0309390708907852, 0.0603241160956604]
          ]
        },
        "cv_val_oof_ens_acc": 0.755728491137051,
        "cv_val_oof_ens_f1": 0.717975521543657,
        "cv_val_oof_ens_confusion": {
          "cm_mean": [
            [702, 87, 77],
            [124, 238, 98],
            [96, 83, 808]
          ],
          "cm_std": [
            [0, 0, 0],
            [0, 0, 0],
            [0, 0, 0]
          ],
          "cm_mean_normalized": [
            [0.810623556581986, 0.100461893764434, 0.0889145496535797],
            [0.269565217391304, 0.517391304347826, 0.21304347826087],
            [0.0972644376899696, 0.0840932117527862, 0.818642350557244]
          ],
          "cm_std_normalized": [
            [0, 0, 0],
            [0, 0, 0],
            [0, 0, 0]
          ]
        },
        "cv_test_ens_acc": 0.747648902821317,
        "cv_test_ens_f1": 0.690692866088648,
        "cv_test_ens_confusion": {
          "cm_mean": [
            [107, 10, 11],
            [64, 73, 32],
            [20, 24, 297]
          ],
          "cm_std": [
            [0, 0, 0],
            [0, 0, 0],
            [0, 0, 0]
          ],
          "cm_mean_normalized": [
            [0.8359375, 0.078125, 0.0859375],
            [0.378698224852071, 0.431952662721894, 0.189349112426036],
            [0.0586510263929619, 0.0703812316715543, 0.870967741935484]
          ],
          "cm_std_normalized": [
            [0, 0, 0],
            [0, 0, 0],
            [0, 0, 0]
          ]
        },
        "full_test_acc": 0.746081504702194,
        "full_test_f1": 0.688979391215813
      },
      {
        "fusion_method": "gated_concat",
        "seed": 44,
        "cv_val_acc_folds": [0.706896551724138, 0.745182012847966, 0.723926380368098, 0.78125, 0.743820224719101],
        "cv_val_f1_folds": [0.675541369703806, 0.695738136864461, 0.685840909945188, 0.743958750357416, 0.699209520915534],
        "cv_test_acc_folds": [0.752351097178683, 0.74294670846395, 0.739811912225705, 0.741379310344828, 0.731974921630094],
        "cv_test_f1_folds": [0.696984491719073, 0.685473285799994, 0.681925785383568, 0.672608658115904, 0.677008245282265],
        "cv_val_f1_mean": 0.700057737557281,
        "cv_val_f1_std": 0.02621949573587,
        "cv_test_f1_mean": 0.682800093260161,
        "cv_test_f1_std": 0.00930750215629734,
        "cv_val_confusion": {
          "cm_mean": [
            [134.4, 23.8, 15],
            [22.8, 46.2, 23],
            [16.2, 19.6, 161.6]
          ],
          "cm_std": [
            [7.79743547584717, 6.68580586017871, 4.69041575982343],
            [4.26614580154031, 4.54972526643093, 5.33853912601566],
            [2.38746727726266, 7.98749021908634, 11.5238882327103]
          ],
          "cm_mean_normalized": [
            [0.775981524249423, 0.137413394919169, 0.0866050808314088],
            [0.247826086956522, 0.502173913043478, 0.25],
            [0.0820668693009119, 0.099290780141844, 0.818642350557244]
          ],
          "cm_std_normalized": [
            [0.0450198353108959, 0.0386016504629256, 0.0270809224008281],
            [0.0463711500167425, 0.049453535504684, 0.0580275991958223],
            [0.0120945657409456, 0.0404634762871649, 0.0583783598414911]
          ]
        },
        "cv_val_oof_ens_acc": 0.739731949848681,
        "cv_val_oof_ens_f1": 0.699483374209913,
        "cv_val_oof_ens_confusion": {
          "cm_mean": [
            [672, 119, 75],
            [114, 231, 115],
            [81, 98, 808]
          ],
          "cm_std": [
            [0, 0, 0],
            [0, 0, 0],
            [0, 0, 0]
          ],
          "cm_mean_normalized": [
            [0.775981524249423, 0.137413394919169, 0.0866050808314088],
            [0.247826086956522, 0.502173913043478, 0.25],
            [0.0820668693009119, 0.099290780141844, 0.818642350557244]
          ],
          "cm_std_normalized": [
            [0, 0, 0],
            [0, 0, 0],
            [0, 0, 0]
          ]
        },
        "cv_test_ens_acc": 0.749216300940439,
        "cv_test_ens_f1": 0.689545011500731,
        "cv_test_ens_confusion": {
          "cm_mean": [
            [105, 11, 12],
            [60, 71, 38],
            [19, 20, 302]
          ],
          "cm_std": [
            [0, 0, 0],
            [0, 0, 0],
            [0, 0, 0]
          ],
          "cm_mean_normalized": [
            [0.8203125, 0.0859375, 0.09375],
            [0.355029585798817, 0.420118343195266, 0.224852071005917],
            [0.0557184750733138, 0.0586510263929619, 0.885630498533724]
          ],
          "cm_std_normalized": [
            [0, 0, 0],
            [0, 0, 0],
            [0, 0, 0]
          ]
        },
        "full_test_acc": 0.746081504702194,
        "full_test_f1": 0.685428933063907
      }
    ],
    "bilinear": [
      {
        "fusion_method": "bilinear",
        "seed": 42,
        "cv_val_acc_folds": [0.730603448275862, 0.73661670235546, 0.730061349693252, 0.774553571428571, 0.775280898876405],
        "cv_val_f1_folds": [0.710306978136405, 0.708050000486597, 0.683556850331198, 0.745183586375683, 0.724538337168445],
        "cv_test_acc_folds": [0.753918495297806, 0.753918495297806, 0.763322884012539, 0.739811912225705, 0.764890282131661],
        "cv_test_f1_folds": [0.707115491125256, 0.713013559553285, 0.70306909780594, 0.681393744396623, 0.707577751827941],
        "cv_val_f1_mean": 0.714327150499665,
        "cv_val_f1_std": 0.022686800891322,
        "cv_test_f1_mean": 0.702433928941809,
        "cv_test_f1_std": 0.0122820735975047,
        "cv_val_confusion": {
          "cm_mean": [
            [132.8, 24.8, 15.6],
            [21, 51.6, 19.4],
            [14.2, 21.2, 162]
          ],
          "cm_std": [
            [9.09395403551173, 5.89067059000926, 7.98749021908634],
            [5.70087712549569, 9.39680796866681, 7.63544366752843],
            [3.83405790253616, 10.8489630840924, 12.6293309403151]
          ],
          "cm_mean_normalized": [
            [0.766743648960739, 0.143187066974596, 0.0900692840646651],
            [0.228260869565217, 0.560869565217391, 0.210869565217391],
            [0.07193515704154, 0.107396149949341, 0.820668693009119]
          ],
          "cm_std_normalized": [
            [0.0525055082881739, 0.0340108001732636, 0.0461171490709373],
            [0.0619660557119097, 0.102139217050726, 0.0829939529079177],
            [0.0194227857271336, 0.0549592861402858, 0.0639783735578272]
          ]
        },
        "cv_val_oof_ens_acc": 0.748811067877216,
        "cv_val_oof_ens_f1": 0.714744628508038,
        "cv_val_oof_ens_confusion": {
          "cm_mean": [
            [664, 124, 78],
            [105, 258, 97],
            [71, 106, 810]
          ],
          "cm_std": [
            [0, 0, 0],
            [0, 0, 0],
            [0, 0, 0]
          ],
          "cm_mean_normalized": [
            [0.766743648960739, 0.143187066974596, 0.0900692840646651],
            [0.228260869565217, 0.560869565217391, 0.210869565217391],
            [0.07193515704154, 0.107396149949341, 0.820668693009119]
          ],
          "cm_std_normalized": [
            [0, 0, 0],
            [0, 0, 0],
            [0, 0, 0]
          ]
        },
        "cv_test_ens_acc": 0.758620689655172,
        "cv_test_ens_f1": 0.705750919203769,
        "cv_test_ens_confusion": {
          "cm_mean": [
            [103, 12, 13],
            [55, 80, 34],
            [16, 24, 301]
          ],
          "cm_std": [
            [0, 0, 0],
            [0, 0, 0],
            [0, 0, 0]
          ],
          "cm_mean_normalized": [
            [0.8046875, 0.09375, 0.1015625],
            [0.325443786982249, 0.473372781065089, 0.201183431952663],
            [0.0469208211143695, 0.0703812316715543, 0.882697947214076]
          ],
          "cm_std_normalized": [
            [0, 0, 0],
            [0, 0, 0],
            [0, 0, 0]
          ]
        },
        "full_test_acc": 0.74294670846395,
        "full_test_f1": 0.680838288865948
      },
      {
        "fusion_method": "bilinear",
        "seed": 43,
        "cv_val_acc_folds": [0.730603448275862, 0.740899357601713, 0.736196319018405, 0.799107142857143, 0.750561797752809],
        "cv_val_f1_folds": [0.673130681977459, 0.70102478329759, 0.677092689242222, 0.761654468871641, 0.71890415544877],
        "cv_test_acc_folds": [0.736677115987461, 0.738244514106583, 0.714733542319749, 0.752351097178683, 0.768025078369906],
        "cv_test_f1_folds": [0.666403140535919, 0.690532782503541, 0.649465814356503, 0.686678753048517, 0.727824914186351],
        "cv_val_f1_mean": 0.706361355767536,
        "cv_val_f1_std": 0.0360695914414983,
        "cv_test_f1_mean": 0.684181080926166,
        "cv_test_f1_std": 0.0294642646188717,
        "cv_val_confusion": {
          "cm_mean": [
            [141.4, 16.8, 15],
            [25.8, 43.2, 23],
            [18.2, 16.4, 162.8]
          ],
          "cm_std": [
            [11.1265448365609, 9.98498873309329, 0.707106781186548],
            [7.66159252375118, 7.98122797569397, 7.58287544405155],
            [6.9065186599328, 5.07937003968012, 5.84807660688538]
          ],
          "cm_mean_normalized": [
            [0.816397228637413, 0.0969976905311778, 0.0866050808314088],
            [0.280434782608696, 0.469565217391304, 0.25],
            [0.0921985815602837, 0.083080040526849, 0.824721377912867]
          ],
          "cm_std_normalized": [
            [0.06424102099631, 0.0576500504220167, 0.00408260266273988],
            [0.0832781796059911, 0.0867524779966735, 0.0824225591744734],
            [0.0349874298882108, 0.0257313578504565, 0.0296255147258631]
          ]
        },
        "cv_val_oof_ens_acc": 0.750972762645914,
        "cv_val_oof_ens_f1": 0.706455370517313,
        "cv_val_oof_ens_confusion": {
          "cm_mean": [
            [707, 84, 75],
            [129, 216, 115],
            [91, 82, 814]
          ],
          "cm_std": [
            [0, 0, 0],
            [0, 0, 0],
            [0, 0, 0]
          ],
          "cm_mean_normalized": [
            [0.816397228637413, 0.0969976905311778, 0.0866050808314088],
            [0.280434782608696, 0.469565217391304, 0.25],
            [0.0921985815602837, 0.083080040526849, 0.824721377912867]
          ],
          "cm_std_normalized": [
            [0, 0, 0],
            [0, 0, 0],
            [0, 0, 0]
          ]
        },
        "cv_test_ens_acc": 0.746081504702194,
        "cv_test_ens_f1": 0.688777858023447,
        "cv_test_ens_confusion": {
          "cm_mean": [
            [110, 7, 11],
            [68, 71, 30],
            [21, 25, 295]
          ],
          "cm_std": [
            [0, 0, 0],
            [0, 0, 0],
            [0, 0, 0]
          ],
          "cm_mean_normalized": [
            [0.859375, 0.0546875, 0.0859375],
            [0.402366863905325, 0.420118343195266, 0.177514792899408],
            [0.06158357771261, 0.0733137829912024, 0.865102639296188]
          ],
          "cm_std_normalized": [
            [0, 0, 0],
            [0, 0, 0],
            [0, 0, 0]
          ]
        },
        "full_test_acc": 0.736677115987461,
        "full_test_f1": 0.675661402073381
      },
      {
        "fusion_method": "bilinear",
        "seed": 44,
        "cv_val_acc_folds": [0.724137931034483, 0.755888650963598, 0.695296523517382, 0.799107142857143, 0.77752808988764],
        "cv_val_f1_folds": [0.689439039091641, 0.719058846645054, 0.634124677277821, 0.765543049950185, 0.736742193378939],
        "cv_test_acc_folds": [0.731974921630094, 0.738244514106583, 0.749216300940439, 0.746081504702194, 0.736677115987461],
        "cv_test_f1_folds": [0.671885285245739, 0.689269964528808, 0.681289760348584, 0.684026309607705, 0.682951519500503],
        "cv_val_f1_mean": 0.708981561268728,
        "cv_val_f1_std": 0.0501419725166625,
        "cv_test_f1_mean": 0.681884567846268,
        "cv_test_f1_std": 0.00633657983947533,
        "cv_val_confusion": {
          "cm_mean": [
            [137.6, 18.8, 16.8],
            [25.2, 45, 21.8],
            [17.2, 16.2, 164]
          ],
          "cm_std": [
            [9.52890339965728, 8.70057469366248, 6.83373982530796],
            [4.43846820423443, 6.2449979983984, 9.338094023943],
            [1.6431676725155, 6.9065186599328, 10]
          ],
          "cm_mean_normalized": [
            [0.79445727482679, 0.108545034642032, 0.0969976905311778],
            [0.273913043478261, 0.489130434782609, 0.23695652173913],
            [0.0871327254305978, 0.0820668693009119, 0.83080040526849]
          ],
          "cm_std_normalized": [
            [0.055016763277467, 0.0502342649749566, 0.0394557726634408],
            [0.0482442196112438, 0.0678804130260696, 0.10150102199938],
            [0.00832405102591438, 0.0349874298882108, 0.0506585612968592]
          ]
        },
        "cv_val_oof_ens_acc": 0.749243406830956,
        "cv_val_oof_ens_f1": 0.707472587286119,
        "cv_val_oof_ens_confusion": {
          "cm_mean": [
            [688, 94, 84],
            [126, 225, 109],
            [86, 81, 820]
          ],
          "cm_std": [
            [0, 0, 0],
            [0, 0, 0],
            [0, 0, 0]
          ],
          "cm_mean_normalized": [
            [0.79445727482679, 0.108545034642032, 0.0969976905311778],
            [0.273913043478261, 0.489130434782609, 0.23695652173913],
            [0.0871327254305978, 0.0820668693009119, 0.83080040526849]
          ],
          "cm_std_normalized": [
            [0, 0, 0],
            [0, 0, 0],
            [0, 0, 0]
          ]
        },
        "cv_test_ens_acc": 0.746081504702194,
        "cv_test_ens_f1": 0.691648302773803,
        "cv_test_ens_confusion": {
          "cm_mean": [
            [105, 11, 12],
            [58, 75, 36],
            [21, 24, 296]
          ],
          "cm_std": [
            [0, 0, 0],
            [0, 0, 0],
            [0, 0, 0]
          ],
          "cm_mean_normalized": [
            [0.8203125, 0.0859375, 0.09375],
            [0.343195266272189, 0.443786982248521, 0.21301775147929],
            [0.06158357771261, 0.0703812316715543, 0.868035190615836]
          ],
          "cm_std_normalized": [
            [0, 0, 0],
            [0, 0, 0],
            [0, 0, 0]
          ]
        },
        "full_test_acc": 0.753918495297806,
        "full_test_f1": 0.694992013112749
      }
    ],
    "coattn": [
      {
        "fusion_method": "coattn",
        "seed": 42,
        "cv_val_acc_folds": [0.743534482758621, 0.740899357601713, 0.760736196319019, 0.772321428571429, 0.770786516853933],
        "cv_val_f1_folds": [0.716665361191911, 0.697068234891455, 0.72462808754493, 0.7381839506078, 0.73632803417945],
        "cv_test_acc_folds": [0.730407523510972, 0.735109717868339, 0.727272727272727, 0.760188087774295, 0.749216300940439],
        "cv_test_f1_folds": [0.685368677237936, 0.675070656662225, 0.677186457486974, 0.714617770986711, 0.699808339606948],
        "cv_val_f1_mean": 0.722574733683109,
        "cv_val_f1_std": 0.0167520099799615,
        "cv_test_f1_mean": 0.690410380396159,
        "cv_test_f1_std": 0.0166577116421217,
        "cv_val_confusion": {
          "cm_mean": [
            [137, 20.8, 15.4],
            [21.6, 50.8, 19.6],
            [15.8, 19, 162.6]
          ],
          "cm_std": [
            [7.3824115301167, 5.6302753041037, 6.10737259384099],
            [4.72228758124704, 5.40370243444252, 3.84707681233427],
            [5.6302753041037, 7.10633520177595, 9.26282894152753]
          ],
          "cm_mean_normalized": [
            [0.790993071593533, 0.120092378752887, 0.0889145496535797],
            [0.234782608695652, 0.552173913043478, 0.21304347826087],
            [0.0800405268490375, 0.0962512664640324, 0.82370820668693]
          ],
          "cm_std_normalized": [
            [0.0426236231530987, 0.0325073631876657, 0.035261966477142],
            [0.0513292128396417, 0.0587358960265491, 0.0418160523079812],
            [0.028522164661113, 0.0359996717415195, 0.0469241587716694]
          ]
        },
        "cv_val_oof_ens_acc": 0.75745784695201,
        "cv_val_oof_ens_f1": 0.722653652585024,
        "cv_val_oof_ens_confusion": {
          "cm_mean": [
            [685, 104, 77],
            [108, 254, 98],
            [79, 95, 813]
          ],
          "cm_std": [
            [0, 0, 0],
            [0, 0, 0],
            [0, 0, 0]
          ],
          "cm_mean_normalized": [
            [0.790993071593534, 0.120092378752887, 0.0889145496535797],
            [0.234782608695652, 0.552173913043478, 0.21304347826087],
            [0.0800405268490375, 0.0962512664640324, 0.82370820668693]
          ],
          "cm_std_normalized": [
            [0, 0, 0],
            [0, 0, 0],
            [0, 0, 0]
          ]
        },
        "cv_test_ens_acc": 0.750783699059561,
        "cv_test_ens_f1": 0.700031893139612,
        "cv_test_ens_confusion": {
          "cm_mean": [
            [101, 14, 13],
            [43, 78, 48],
            [19, 22, 300]
          ],
          "cm_std": [
            [0, 0, 0],
            [0, 0, 0],
            [0, 0, 0]
          ],
          "cm_mean_normalized": [
            [0.7890625, 0.109375, 0.1015625],
            [0.254437869822485, 0.461538461538462, 0.284023668639053],
            [0.0557184750733138, 0.0645161290322581, 0.879765395894428]
          ],
          "cm_std_normalized": [
            [0, 0, 0],
            [0, 0, 0],
            [0, 0, 0]
          ]
        },
        "full_test_acc": 0.750783699059561,
        "full_test_f1": 0.693543297356741
      },
      {
        "fusion_method": "coattn",
        "seed": 43,
        "cv_val_acc_folds": [0.717672413793103, 0.753747323340471, 0.717791411042945, 0.799107142857143, 0.775280898876405],
        "cv_val_f1_folds": [0.692221506248549, 0.710975166873207, 0.680611228996065, 0.769506630223362, 0.734296739423913],
        "cv_test_acc_folds": [0.739811912225705, 0.731974921630094, 0.735109717868339, 0.741379310344828, 0.769592476489028],
        "cv_test_f1_folds": [0.695872081421259, 0.664002562290251, 0.689639473360404, 0.697126679378757, 0.72017206499004],
        "cv_val_f1_mean": 0.717522254353019,
        "cv_val_f1_std": 0.0354583371227365,
        "cv_test_f1_mean": 0.693362572288142,
        "cv_test_f1_std": 0.0200940705801107,
        "cv_val_confusion": {
          "cm_mean": [
            [137.4, 19.8, 16],
            [23, 49.8, 19.2],
            [16, 20.8, 160.6]
          ],
          "cm_std": [
            [9.39680796866681, 6.64830805543786, 4.84767985741633],
            [5.1478150704935, 5.89067059000926, 7.04982269280583],
            [5.52268050859363, 9.49736805646701, 6.34822809924155]
          ],
          "cm_mean_normalized": [
            [0.793302540415704, 0.11431870669746, 0.092378752886836],
            [0.25, 0.541304347826087, 0.208695652173913],
            [0.0810536980749747, 0.105369807497467, 0.813576494427558]
          ],
          "cm_std_normalized": [
            [0.0542540875789077, 0.0383851504355535, 0.0279889137264222],
            [0.0559545116357989, 0.0640290281522745, 0.0766285075304981],
            [0.027977104906756, 0.0481123001847366, 0.0321592102291872]
          ]
        },
        "cv_val_oof_ens_acc": 0.751837440553394,
        "cv_val_oof_ens_f1": 0.716326967292175,
        "cv_val_oof_ens_confusion": {
          "cm_mean": [
            [687, 99, 80],
            [115, 249, 96],
            [80, 104, 803]
          ],
          "cm_std": [
            [0, 0, 0],
            [0, 0, 0],
            [0, 0, 0]
          ],
          "cm_mean_normalized": [
            [0.793302540415704, 0.11431870669746, 0.092378752886836],
            [0.25, 0.541304347826087, 0.208695652173913],
            [0.0810536980749747, 0.105369807497467, 0.813576494427558]
          ],
          "cm_std_normalized": [
            [0, 0, 0],
            [0, 0, 0],
            [0, 0, 0]
          ]
        },
        "cv_test_ens_acc": 0.755485893416928,
        "cv_test_ens_f1": 0.703813066819049,
        "cv_test_ens_confusion": {
          "cm_mean": [
            [104, 12, 12],
            [52, 79, 38],
            [19, 23, 299]
          ],
          "cm_std": [
            [0, 0, 0],
            [0, 0, 0],
            [0, 0, 0]
          ],
          "cm_mean_normalized": [
            [0.8125, 0.09375, 0.09375],
            [0.307692307692308, 0.467455621301775, 0.224852071005917],
            [0.0557184750733138, 0.0674486803519062, 0.87683284457478]
          ],
          "cm_std_normalized": [
            [0, 0, 0],
            [0, 0, 0],
            [0, 0, 0]
          ]
        },
        "full_test_acc": 0.753918495297806,
        "full_test_f1": 0.703717424634103
      },
      {
        "fusion_method": "coattn",
        "seed": 44,
        "cv_val_acc_folds": [0.737068965517241, 0.755888650963598, 0.740286298568507, 0.779017857142857, 0.764044943820225],
        "cv_val_f1_folds": [0.702388035175993, 0.714101832716209, 0.703765949148581, 0.749794141174839, 0.710158793379349],
        "cv_test_acc_folds": [0.735109717868339, 0.733542319749216, 0.763322884012539, 0.760188087774295, 0.761755485893417],
        "cv_test_f1_folds": [0.680336347881132, 0.680477231144994, 0.714388859432396, 0.714845644280599, 0.714672329119824],
        "cv_val_f1_mean": 0.716041750318994,
        "cv_val_f1_std": 0.0194596735759286,
        "cv_test_f1_mean": 0.700944082371789,
        "cv_test_f1_std": 0.0187486728361371,
        "cv_val_confusion": {
          "cm_mean": [
            [140, 19, 14.2],
            [24.8, 47.6, 19.6],
            [17.4, 18.4, 161.6]
          ],
          "cm_std": [
            [12.3490890352285, 8, 6.05805249234438],
            [7.39594483484024, 6.87749954561976, 3.71483512420134],
            [6.8044103344816, 6.8044103344816, 10.0149887668434]
          ],
          "cm_mean_normalized": [
            [0.808314087759815, 0.109699769053118, 0.081986143187067],
            [0.269565217391304, 0.517391304347826, 0.21304347826087],
            [0.088145896656535, 0.0932117527862209, 0.818642350557244]
          ],
          "cm_std_normalized": [
            [0.0712995902726817, 0.046189376443418, 0.0349772083853602],
            [0.0803907047265243, 0.074755429843693, 0.0403786426543624],
            [0.0344701638018318, 0.0344701638018318, 0.0507344922332494]
          ]
        },
        "cv_val_oof_ens_acc": 0.754863813229572,
        "cv_val_oof_ens_f1": 0.716169460008131,
        "cv_val_oof_ens_confusion": {
          "cm_mean": [
            [700, 95, 71],
            [124, 238, 98],
            [87, 92, 808]
          ],
          "cm_std": [
            [0, 0, 0],
            [0, 0, 0],
            [0, 0, 0]
          ],
          "cm_mean_normalized": [
            [0.808314087759815, 0.109699769053118, 0.081986143187067],
            [0.269565217391304, 0.517391304347826, 0.21304347826087],
            [0.088145896656535, 0.0932117527862209, 0.818642350557244]
          ],
          "cm_std_normalized": [
            [0, 0, 0],
            [0, 0, 0],
            [0, 0, 0]
          ]
        },
        "cv_test_ens_acc": 0.75705329153605,
        "cv_test_ens_f1": 0.710085525673228,
        "cv_test_ens_confusion": {
          "cm_mean": [
            [107, 12, 9],
            [50, 82, 37],
            [21, 26, 294]
          ],
          "cm_std": [
            [0, 0, 0],
            [0, 0, 0],
            [0, 0, 0]
          ],
          "cm_mean_normalized": [
            [0.8359375, 0.09375, 0.0703125],
            [0.295857988165681, 0.485207100591716, 0.218934911242604],
            [0.06158357771261, 0.0762463343108504, 0.86217008797654]
          ],
          "cm_std_normalized": [
            [0, 0, 0],
            [0, 0, 0],
            [0, 0, 0]
          ]
        },
        "full_test_acc": 0.74294670846395,
        "full_test_f1": 0.685867490887124
      }
    ],
    "late_interaction": [
      {
        "fusion_method": "late_interaction",
        "seed": 42,
        "cv_val_acc_folds": [0.724137931034483, 0.753747323340471, 0.707566462167689, 0.78125, 0.764044943820225],
