{
  "methods": [
    "sent",
    "gated_concat",
    "bilinear",
    "coattn",
    "late_interaction"
  ],
  "seeds": [42, 43, 44],
  "folds": 5,
  "runs": {
    "sent": [
      {
        "fusion_method": "sent",
        "seed": 42,
        "cv_val_acc_folds": [0.71551724137931, 0.734475374732334, 0.740286298568507, 0.803571428571429, 0.757303370786517],
        "cv_val_f1_folds": [0.682750247729488, 0.686130790190736, 0.704419471914228, 0.76881126488863, 0.696736257721479],
        "cv_test_acc_folds": [0.758620689655172, 0.74294670846395, 0.761755485893417, 0.752351097178683, 0.736677115987461],
        "cv_test_f1_folds": [0.708646282013105, 0.683697220653742, 0.713330202340417, 0.693637045070083, 0.656808251592793],
        "cv_val_f1_mean": 0.707769606488912,
        "cv_val_f1_std": 0.0351896608764532,
        "cv_test_f1_mean": 0.691223800334028,
        "cv_test_f1_std": 0.0225784134989926,
        "cv_val_confusion": {
          "cm_mean": [
            [133.8, 21.8, 17.6],
            [22, 45.8, 24.2],
            [12.4, 17.8, 167.2]
          ],
          "cm_std": [
            [9.85900603509299, 7.36206492772238, 4.15932686861708],
            [6.44204936336256, 8.04363102087608, 2.86356421265527],
            [4.72228758124704, 6.49615270756469, 6.76017751246223]
          ],
          "cm_mean_normalized": [
            [0.772517321016166, 0.125866050808314, 0.10161662817552],
            [0.239130434782609, 0.497826086956522, 0.26304347826087],
            [0.0628166160081054, 0.0901722391084093, 0.847011144883485]
          ],
          "cm_std_normalized": [
            [0.056922667639105, 0.0425061485434318, 0.0240145893107222],
            [0.0700222756887235, 0.0874307719660444, 0.0311256979636442],
            [0.0239224294896, 0.0329085750129923, 0.0342460866892717]
          ]
        },
        "cv_val_oof_ens_acc": 0.749675745784695,
        "cv_val_oof_ens_f1": 0.707671055500779,
        "cv_val_oof_ens_confusion": {
          "cm_mean": [
            [669, 109, 88],
            [110, 229, 121],
            [62, 89, 836]
          ],
          "cm_std": [
            [0, 0, 0],
            [0, 0, 0],
            [0, 0, 0]
          ],
          "cm_mean_normalized": [
            [0.772517321016166, 0.125866050808314, 0.10161662817552],
            [0.239130434782609, 0.497826086956522, 0.26304347826087],
            [0.0628166160081054, 0.0901722391084093, 0.847011144883485]
          ],
          "cm_std_normalized": [
            [0, 0, 0],
            [0, 0, 0],
            [0, 0, 0]
          ]
        },
        "cv_test_ens_acc": 0.761755485893417,
        "cv_test_ens_f1": 0.700337862758019,
        "cv_test_ens_confusion": {
          "cm_mean": [
            [104, 12, 12],
            [60, 73, 36],
            [19, 13, 309]
          ],
          "cm_std": [
            [0, 0, 0],
            [0, 0, 0],
            [0, 0, 0]
          ],
          "cm_mean_normalized": [
            [0.8125, 0.09375, 0.09375],
            [0.355029585798817, 0.431952662721894, 0.21301775147929],
            [0.0557184750733138, 0.0381231671554252, 0.906158357771261]
          ],
          "cm_std_normalized": [
            [0, 0, 0],
            [0, 0, 0],
            [0, 0, 0]
          ]
        },
        "full_test_acc": 0.755485893416928,
        "full_test_f1": 0.701099637431228
      },
      {
        "fusion_method": "sent",
        "seed": 43,
        "cv_val_acc_folds": [0.693965517241379, 0.751605995717345, 0.70961145194274, 0.792410714285714, 0.764044943820225],
        "cv_val_f1_folds": [0.664582579828058, 0.712519139681181, 0.621068305259993, 0.758624106460877, 0.708284207603721],
        "cv_test_acc_folds": [0.761755485893417, 0.761755485893417, 0.74294670846395, 0.750783699059561, 0.753918495297806],
        "cv_test_f1_folds": [0.716728157195649, 0.709377606475749, 0.678795956344616, 0.698055473760722, 0.697979999258334],
        "cv_val_f1_mean": 0.693015667766766,
        "cv_val_f1_std": 0.0522083432383159,
        "cv_test_f1_mean": 0.700187438607014,
        "cv_test_f1_std": 0.014361999624446,
        "cv_val_confusion": {
          "cm_mean": [
            [140.4, 19.4, 13.4],
            [24.4, 41.6, 26],
            [18.6, 17.8, 161]
          ],
          "cm_std": [
            [18.7962762269552, 11.6318528188763, 6.34822809924155],
            [8.20365772079748, 12.5817327900413, 9.66953980290686],
            [2.79284800875379, 5.89067059000926, 8.21583836257749]
          ],
          "cm_mean_normalized": [
            [0.810623556581986, 0.112009237875289, 0.0773672055427252],
            [0.265217391304348, 0.452173913043478, 0.282608695652174],
            [0.0942249240121581, 0.0901722391084093, 0.815602836879433]
          ],
          "cm_std_normalized": [
            [0.108523534797663, 0.0671585035731887, 0.036652587178069],
            [0.0891701926173639, 0.136757965109144, 0.105103693509857],
            [0.0141481662044265, 0.0298412897163589, 0.0416202551295719]
          ]
        },
        "cv_val_oof_ens_acc": 0.74146130566364,
        "cv_val_oof_ens_f1": 0.694669442651969,
        "cv_val_oof_ens_confusion": {
          "cm_mean": [
            [702, 97, 67],
            [122, 208, 130],
            [93, 89, 805]
          ],
          "cm_std": [
            [0, 0, 0],
            [0, 0, 0],
            [0, 0, 0]
          ],
          "cm_mean_normalized": [
            [0.810623556581986, 0.112009237875289, 0.0773672055427252],
            [0.265217391304348, 0.452173913043478, 0.282608695652174],
            [0.0942249240121581, 0.0901722391084093, 0.815602836879433]
          ],
          "cm_std_normalized": [
            [0, 0, 0],
            [0, 0, 0],
            [0, 0, 0]
          ]
        },
        "cv_test_ens_acc": 0.75705329153605,
        "cv_test_ens_f1": 0.705268133373378,
        "cv_test_ens_confusion": {
          "cm_mean": [
            [108, 10, 10],
            [54, 77, 38],
            [22, 21, 298]
          ],
          "cm_std": [
            [0, 0, 0],
            [0, 0, 0],
            [0, 0, 0]
          ],
          "cm_mean_normalized": [
            [0.84375, 0.078125, 0.078125],
            [0.319526627218935, 0.455621301775148, 0.224852071005917],
            [0.0645161290322581, 0.06158357771261, 0.873900293255132]
          ],
          "cm_std_normalized": [
            [0, 0, 0],
            [0, 0, 0],
            [0, 0, 0]
          ]
        },
        "full_test_acc": 0.761755485893417,
        "full_test_f1": 0.704305315868032
      },
      {
        "fusion_method": "sent",
        "seed": 44,
        "cv_val_acc_folds": [0.724137931034483, 0.740899357601713, 0.748466257668712, 0.772321428571429, 0.755056179775281],
        "cv_val_f1_folds": [0.689885265700483, 0.676944364662353, 0.702686896029277, 0.74429703431101, 0.700998834488229],
        "cv_test_acc_folds": [0.755485893416928, 0.753918495297806, 0.749216300940439, 0.744514106583072, 0.753918495297806],
        "cv_test_f1_folds": [0.704773508535017, 0.693638110629479, 0.682510989096309, 0.699902825927093, 0.690072662219801],
        "cv_val_f1_mean": 0.702962479038271,
        "cv_val_f1_std": 0.0253003611133776,
        "cv_test_f1_mean": 0.69417961928154,
        "cv_test_f1_std": 0.00863572293079072,
        "cv_val_confusion": {
          "cm_mean": [
            [139, 18.2, 16],
            [27, 43.6, 21.4],
            [17.2, 16.8, 163.4]
          ],
          "cm_std": [
            [7.96868872525461, 3.56370593624109, 1.87082869338697],
            [7.3143694191639, 8.50294066779253, 3.78153408023781],
            [4.08656334834051, 5.35723809439155, 10.0895986045036]
          ],
          "cm_mean_normalized": [
            [0.802540415704388, 0.105080831408776, 0.092378752886836],
            [0.293478260869565, 0.473913043478261, 0.232608695652174],
            [0.0871327254305978, 0.0851063829787234, 0.827760891590679]
          ],
          "cm_std_normalized": [
            [0.0460085954114008, 0.0205756693778354, 0.0108015513474998],
            [0.0795040154256945, 0.0924232681281796, 0.0411036313069327],
            [0.0207019419875406, 0.0271389974386603, 0.0511124549366948]
          ]
        },
        "cv_val_oof_ens_acc": 0.747946389969736,
        "cv_val_oof_ens_f1": 0.703950909559684,
        "cv_val_oof_ens_confusion": {
          "cm_mean": [
            [695, 91, 80],
            [135, 218, 107],
            [86, 84, 817]
          ],
          "cm_std": [
            [0, 0, 0],
            [0, 0, 0],
            [0, 0, 0]
          ],
          "cm_mean_normalized": [
            [0.802540415704388, 0.105080831408776, 0.092378752886836],
            [0.293478260869565, 0.473913043478261, 0.232608695652174],
            [0.0871327254305978, 0.0851063829787234, 0.827760891590679]
          ],
          "cm_std_normalized": [
            [0, 0, 0],
            [0, 0, 0],
            [0, 0, 0]
          ]
        },
        "cv_test_ens_acc": 0.764890282131661,
        "cv_test_ens_f1": 0.707107618682472,
        "cv_test_ens_confusion": {
          "cm_mean": [
            [108, 9, 11],
            [63, 75, 31],
            [22, 14, 305]
          ],
          "cm_std": [
            [0, 0, 0],
            [0, 0, 0],
            [0, 0, 0]
          ],
          "cm_mean_normalized": [
            [0.84375, 0.0703125, 0.0859375],
            [0.372781065088757, 0.443786982248521, 0.183431952662722],
            [0.0645161290322581, 0.0410557184750733, 0.894428152492669]
          ],
          "cm_std_normalized": [
            [0, 0, 0],
            [0, 0, 0],
            [0, 0, 0]
          ]
        },
        "full_test_acc": 0.761755485893417,
        "full_test_f1": 0.704093690343592
      }
    ],
    "gated_concat": [
      {
        "fusion_method": "gated_concat",
        "seed": 42,
        "cv_val_acc_folds": [0.730603448275862, 0.743040685224839, 0.701431492842536, 0.801339285714286, 0.741573033707865],
        "cv_val_f1_folds": [0.703132360660635, 0.689230903004217, 0.670700661264322, 0.771694443930419, 0.685429409300377],
        "cv_test_acc_folds": [0.750783699059561, 0.750783699059561, 0.755485893416928, 0.752351097178683, 0.741379310344828],
        "cv_test_f1_folds": [0.702664995822891, 0.695025049098284, 0.715950151925762, 0.694777663158509, 0.671544222432559],
        "cv_val_f1_mean": 0.704037555631994,
        "cv_val_f1_std": 0.039544666233835,
        "cv_test_f1_mean": 0.695992416487601,
        "cv_test_f1_std": 0.0161474466764469,
        "cv_val_confusion": {
          "cm_mean": [
            [134.4, 22.4, 16.4],
            [24, 47.4, 20.6],
            [14.2, 21.4, 161.8]
          ],
          "cm_std": [
            [9.91463564635635, 15.4693244842818, 4.15932686861708],
            [6.81909084849293, 10.0399203184089, 4.39317652729776],
            [2.86356421265527, 8.93308457365092, 8.70057469366248]
          ],
          "cm_mean_normalized": [
            [0.775981524249423, 0.12933025404157, 0.0946882217090069],
            [0.260869565217391, 0.515217391304348, 0.223913043478261],
            [0.07193515704154, 0.108409321175279, 0.819655521783181]
          ],
          "cm_std_normalized": [
            [0.0572438547711106, 0.0893148064912343, 0.0240145893107222],
            [0.0741205527010101, 0.109129568678358, 0.0477519187749757],
            [0.0145064043194289, 0.0452537212444322, 0.0440758596436803]
          ]
        },
        "cv_val_oof_ens_acc": 0.74275832252486,
        "cv_val_oof_ens_f1": 0.703851465549966,
        "cv_val_oof_ens_confusion": {
          "cm_mean": [
            [672, 112, 82],
            [120, 237, 103],
            [71, 107, 809]
          ],
          "cm_std": [
            [0, 0, 0],
            [0, 0, 0],
            [0, 0, 0]
          ],
          "cm_mean_normalized": [
            [0.775981524249423, 0.12933025404157, 0.0946882217090069],
            [0.260869565217391, 0.515217391304348, 0.223913043478261],
            [0.07193515704154, 0.108409321175279, 0.819655521783181]
          ],
          "cm_std_normalized": [
            [0, 0, 0],
            [0, 0, 0],
            [0, 0, 0]
          ]
        },
        "cv_test_ens_acc": 0.761755485893417,
        "cv_test_ens_f1": 0.712961837825435,
        "cv_test_ens_confusion": {
          "cm_mean": [
            [101, 13, 14],
            [51, 86, 32],
            [17, 25, 299]
          ],
          "cm_std": [
            [0, 0, 0],
            [0, 0, 0],
            [0, 0, 0]
          ],
          "cm_mean_normalized": [
            [0.7890625, 0.1015625, 0.109375],
            [0.301775147928994, 0.508875739644971, 0.189349112426036],
            [0.0498533724340176, 0.0733137829912024, 0.87683284457478]
          ],
          "cm_std_normalized": [
            [0, 0, 0],
            [0, 0, 0],
            [0, 0, 0]
          ]
        },
        "full_test_acc": 0.749216300940439,
        "full_test_f1": 0.693439301854449
      },
      {
        "fusion_method": "gated_concat",
        "seed": 43,
        "cv_val_acc_folds": [0.72198275862069, 0.734475374732334, 0.730061349693252, 0.796875, 0.737078651685393],
        "cv_val_f1_folds": [0.690606237914823, 0.69196391652532, 0.689448375975322, 0.761227470786294, 0.692037814249387],
        "cv_test_acc_folds": [0.750783699059561, 0.727272727272727, 0.769592476489028, 0.731974921630094, 0.736677115987461],
        "cv_test_f1_folds": [0.696174331750614, 0.676318835712395, 0.716985206569492, 0.667768539219503, 0.688460076215362],
        "cv_val_f1_mean": 0.705056763090229,
        "cv_val_f1_std": 0.0314185593612412,
        "cv_test_f1_mean": 0.689141397893473,
        "cv_test_f1_std": 0.0190159224614522,
        "cv_val_confusion": {
          "cm_mean": [
            [135.4, 22.2, 15.6],
            [24.6, 47.2, 20.2],
            [17.4, 18.6, 161.4]
          ],
          "cm_std": [
            [13.7404512298541, 9.5236547606473, 6.8044103344816],
            [6.42650760522385, 4.91934955049954, 6.18061485614498],
            [6.98569967862919, 5.98331012066064, 16.5620047095755]
          ],
          "cm_mean_normalized": [
            [0.78175519630485, 0.128175519630485, 0.0900692840646651],
            [0.267391304347826, 0.51304347826087, 0.219565217391304],
            [0.0881458966565349, 0.0942249240121581, 0.817629179331307]
          ],
          "cm_std_normalized": [
            [0.0793328592947698, 0.054986459357086, 0.0392864338018568],
            [0.0698533435350419, 0.0534711907662993, 0.0671805962624454],
            [0.0353885495371286, 0.0303105882505605, 0.0839007330778899]
          ]
        },
        "cv_val_oof_ens_acc": 0.743623000432339,
        "cv_val_oof_ens_f1": 0.704959407045718,
        "cv_val_oof_ens_confusion": {
          "cm_mean": [
            [677, 111, 78],
            [123, 236, 101],
            [87, 93, 807]
          ],
          "cm_std": [
            [0, 0, 0],
            [0, 0, 0],
            [0, 0, 0]
          ],
          "cm_mean_normalized": [
            [0.78175519630485, 0.128175519630485, 0.0900692840646651],
            [0.267391304347826, 0.51304347826087, 0.219565217391304],
            [0.088145896656535, 0.0942249240121581, 0.817629179331307]
          ],
          "cm_std_normalized": [
            [0, 0, 0],
            [0, 0, 0],
            [0, 0, 0]
          ]
        },
        "cv_test_ens_acc": 0.755485893416928,
        "cv_test_ens_f1": 0.701502565317649,
        "cv_test_ens_confusion": {
          "cm_mean": [
            [105, 11, 12],
            [62, 79, 28],
            [22, 21, 298]
          ],
          "cm_std": [
            [0, 0, 0],
            [0, 0, 0],
            [0, 0, 0]
          ],
          "cm_mean_normalized": [
            [0.8203125, 0.0859375, 0.09375],
            [0.366863905325444, 0.467455621301775, 0.165680473372781],
            [0.0645161290322581, 0.06158357771261, 0.873900293255132]
          ],
          "cm_std_normalized": [
            [0, 0, 0],
            [0, 0, 0],
            [0, 0, 0]
          ]
        },
        "full_test_acc": 0.755485893416928,
        "full_test_f1": 0.700171152366236
      },
      {
        "fusion_method": "gated_concat",
        "seed": 44,
        "cv_val_acc_folds": [0.737068965517241, 0.770877944325482, 0.779141104294479, 0.774553571428571, 0.721348314606742],
        "cv_val_f1_folds": [0.707182979717617, 0.7139481113759, 0.727839546544583, 0.742147724083496, 0.68073719652667],
        "cv_test_acc_folds": [0.752351097178683, 0.758620689655172, 0.741379310344828, 0.769592476489028, 0.717868338557994],
        "cv_test_f1_folds": [0.701818591129672, 0.690996114651432, 0.683762220344633, 0.721094769557081, 0.674277279389812],
        "cv_val_f1_mean": 0.714371111649653,
        "cv_val_f1_std": 0.0231085879773236,
        "cv_test_f1_mean": 0.694389795014526,
        "cv_test_f1_std": 0.0180091530309193,
        "cv_val_confusion": {
          "cm_mean": [
            [142, 17, 14.2],
            [25.4, 45.8, 20.8],
            [17.8, 17.2, 162.4]
          ],
          "cm_std": [
            [17.6210101867061, 4.63680924774785, 9.09395403551173],
            [8.84872872225158, 6.45755371638518, 5.67450438364444],
            [6.26099033699941, 11.0544108843484, 20.4034310840113]
          ],
          "cm_mean_normalized": [
            [0.81986143187067, 0.0981524249422633, 0.081986143187067],
            [0.276086956521739, 0.497826086956522, 0.226086956521739],
            [0.0901722391084093, 0.0871327254305978, 0.822695035460993]
          ],
          "cm_std_normalized": [
            [0.101737934103384, 0.0267714159800684, 0.0525055082881739],
            [0.0961818339375171, 0.0701908012650563, 0.0616793954743961],
            [0.0317172762765928, 0.056000055138543, 0.103360846423563]
          ]
        },
        "cv_val_oof_ens_acc": 0.757025507998271,
        "cv_val_oof_ens_f1": 0.715887963093864,
        "cv_val_oof_ens_confusion": {
          "cm_mean": [
            [710, 85, 71],
            [127, 229, 104],
            [89, 86, 812]
          ],
          "cm_std": [
            [0, 0, 0],
            [0, 0, 0],
            [0, 0, 0]
          ],
          "cm_mean_normalized": [
            [0.81986143187067, 0.0981524249422633, 0.081986143187067],
            [0.276086956521739, 0.497826086956522, 0.226086956521739],
            [0.0901722391084093, 0.0871327254305978, 0.822695035460993]
          ],
          "cm_std_normalized": [
            [0, 0, 0],
            [0, 0, 0],
            [0, 0, 0]
          ]
        },
        "cv_test_ens_acc": 0.75705329153605,
        "cv_test_ens_f1": 0.704397750800129,
        "cv_test_ens_confusion": {
          "cm_mean": [
            [110, 9, 9],
            [65, 78, 26],
            [25, 21, 295]
          ],
          "cm_std": [
            [0, 0, 0],
            [0, 0, 0],
            [0, 0, 0]
          ],
          "cm_mean_normalized": [
            [0.859375, 0.0703125, 0.0703125],
            [0.384615384615385, 0.461538461538462, 0.153846153846154],
            [0.0733137829912024, 0.06158357771261, 0.865102639296188]
          ],
          "cm_std_normalized": [
            [0, 0, 0],
            [0, 0, 0],
            [0, 0, 0]
          ]
        },
        "full_test_acc": 0.752351097178683,
        "full_test_f1": 0.694750040802511
      }
    ],
    "bilinear": [
      {
        "fusion_method": "bilinear",
        "seed": 42,
        "cv_val_acc_folds": [0.713362068965517, 0.732334047109208, 0.734151329243354, 0.799107142857143, 0.743820224719101],
        "cv_val_f1_folds": [0.695294090198549, 0.689356291045243, 0.683537897713787, 0.770549040925681, 0.699822876584258],
        "cv_test_acc_folds": [0.772727272727273, 0.749216300940439, 0.746081504702194, 0.763322884012539, 0.72884012539185],
        "cv_test_f1_folds": [0.7323538314385, 0.681100245059423, 0.686503967848195, 0.713343198043126, 0.677736376750388],
        "cv_val_f1_mean": 0.707712039293504,
        "cv_val_f1_std": 0.0356589951378677,
        "cv_test_f1_mean": 0.698207523827926,
        "cv_test_f1_std": 0.0236841668076415,
        "cv_val_confusion": {
          "cm_mean": [
            [132, 25, 16.2],
            [20.2, 49.8, 22],
            [14.4, 20.6, 162.4]
          ],
          "cm_std": [
            [10.295630140987, 7.3143694191639, 5.44977063737549],
            [7.66159252375118, 9.83361581515162, 10.5830052442584],
            [5.12835256198323, 10.1636607578175, 15.5980768045295]
          ],
          "cm_mean_normalized": [
            [0.762124711316397, 0.144341801385681, 0.0935334872979215],
            [0.219565217391304, 0.541304347826087, 0.239130434782609],
            [0.0729483282674772, 0.10435663627153, 0.822695035460993]
          ],
          "cm_std_normalized": [
            [0.0594435920380312, 0.0422307703184983, 0.0314651884375028],
            [0.0832781796059911, 0.106887128425561, 0.11503266569846],
            [0.0259794962613132, 0.0514876431500381, 0.0790176129915373]
          ]
        },
        "cv_val_oof_ens_acc": 0.744055339386079,
        "cv_val_oof_ens_f1": 0.708163821442485,
        "cv_val_oof_ens_confusion": {
          "cm_mean": [
            [660, 125, 81],
            [101, 249, 110],
            [72, 103, 812]
          ],
          "cm_std": [
            [0, 0, 0],
            [0, 0, 0],
            [0, 0, 0]
          ],
          "cm_mean_normalized": [
            [0.762124711316397, 0.144341801385681, 0.0935334872979215],
            [0.219565217391304, 0.541304347826087, 0.239130434782609],
            [0.0729483282674772, 0.10435663627153, 0.822695035460993]
          ],
          "cm_std_normalized": [
            [0, 0, 0],
            [0, 0, 0],
            [0, 0, 0]
          ]
        },
        "cv_test_ens_acc": 0.764890282131661,
        "cv_test_ens_f1": 0.712977230431581,
        "cv_test_ens_confusion": {
          "cm_mean": [
            [102, 12, 14],
            [56, 84, 29],
            [18, 21, 302]
          ],
          "cm_std": [
            [0, 0, 0],
            [0, 0, 0],
            [0, 0, 0]
          ],
          "cm_mean_normalized": [
            [0.796875, 0.09375, 0.109375],
            [0.331360946745562, 0.497041420118343, 0.171597633136095],
            [0.0527859237536657, 0.06158357771261, 0.885630498533724]
          ],
          "cm_std_normalized": [
            [0, 0, 0],
            [0, 0, 0],
            [0, 0, 0]
          ]
        },
        "full_test_acc": 0.738244514106583,
        "full_test_f1": 0.678319345729262
      },
      {
        "fusion_method": "bilinear",
        "seed": 43,
        "cv_val_acc_folds": [0.700431034482759, 0.732334047109208, 0.725971370143149, 0.783482142857143, 0.757303370786517],
        "cv_val_f1_folds": [0.670328440066921, 0.687292718645494, 0.681399440098554, 0.749291231644173, 0.690140430850673],
        "cv_test_acc_folds": [0.741379310344828, 0.713166144200627, 0.766457680250784, 0.717868338557994, 0.716300940438872],
        "cv_test_f1_folds": [0.702604284983598, 0.660070272993965, 0.7093837849557, 0.648215943196012, 0.625470147131556],
        "cv_val_f1_mean": 0.695690452261163,
        "cv_val_f1_std": 0.0309104873351079,
        "cv_test_f1_mean": 0.669148886652166,
        "cv_test_f1_std": 0.0359393668308627,
        "cv_val_confusion": {
          "cm_mean": [
            [138.2, 20.4, 14.6],
            [26.8, 43.2, 22],
            [20.8, 16, 160.6]
          ],
          "cm_std": [
            [6.22093240599832, 10.5261578935526, 5.41294744108974],
            [3.56370593624109, 7.91833315793166, 5.33853912601566],
            [7.72657750883274, 10.4163333279998, 15.3394915169963]
          ],
          "cm_mean_normalized": [
            [0.797921478060046, 0.117782909930716, 0.0842956120092379],
            [0.291304347826087, 0.469565217391304, 0.239130434782609],
            [0.105369807497467, 0.0810536980749747, 0.813576494427558]
          ],
          "cm_std_normalized": [
            [0.0359176235912143, 0.0607745836810197, 0.0312525833781163],
            [0.0387359340895771, 0.0860688386731702, 0.0580275991958223],
            [0.0391417300346137, 0.0527676460384997, 0.0777076571276406]
          ]
        },
        "cv_val_oof_ens_acc": 0.739299610894942,
        "cv_val_oof_ens_f1": 0.695800595834903,
        "cv_val_oof_ens_confusion": {
          "cm_mean": [
            [691, 102, 73],
            [134, 216, 110],
            [104, 80, 803]
          ],
          "cm_std": [
            [0, 0, 0],
            [0, 0, 0],
            [0, 0, 0]
          ],
          "cm_mean_normalized": [
            [0.797921478060046, 0.117782909930716, 0.0842956120092379],
            [0.291304347826087, 0.469565217391304, 0.239130434782609],
            [0.105369807497467, 0.0810536980749747, 0.813576494427558]
          ],
          "cm_std_normalized": [
            [0, 0, 0],
            [0, 0, 0],
            [0, 0, 0]
          ]
        },
        "cv_test_ens_acc": 0.74294670846395,
        "cv_test_ens_f1": 0.687552733193721,
        "cv_test_ens_confusion": {
          "cm_mean": [
            [108, 12, 8],
            [66, 74, 29],
            [25, 24, 292]
          ],
          "cm_std": [
            [0, 0, 0],
            [0, 0, 0],
            [0, 0, 0]
          ],
          "cm_mean_normalized": [
            [0.84375, 0.09375, 0.0625],
            [0.390532544378698, 0.437869822485207, 0.171597633136095],
            [0.0733137829912024, 0.0703812316715543, 0.856304985337243]
          ],
          "cm_std_normalized": [
            [0, 0, 0],
            [0, 0, 0],
            [0, 0, 0]
          ]
        },
        "full_test_acc": 0.747648902821317,
        "full_test_f1": 0.688695280692552
      },
      {
        "fusion_method": "bilinear",
        "seed": 44,
        "cv_val_acc_folds": [0.71551724137931, 0.751605995717345, 0.70961145194274, 0.779017857142857, 0.752808988764045],
        "cv_val_f1_folds": [0.690585837233882, 0.711551848068702, 0.685152081334478, 0.751521580817863, 0.698493882452514],
        "cv_test_acc_folds": [0.730407523510972, 0.755485893416928, 0.75705329153605, 0.749216300940439, 0.744514106583072],
        "cv_test_f1_folds": [0.679819028965516, 0.701706710174692, 0.72400052457958, 0.698495949871605, 0.682879199879222],
        "cv_val_f1_mean": 0.707461045981488,
        "cv_val_f1_std": 0.0265562515588906,
        "cv_test_f1_mean": 0.697380282694123,
        "cv_test_f1_std": 0.0176584186817569,
        "cv_val_confusion": {
          "cm_mean": [
            [132.4, 26.4, 14.4],
            [22, 51.6, 18.4],
            [18.2, 20.4, 158.8]
          ],
          "cm_std": [
            [12.7593103261893, 14.0107101889947, 5.02991053598372],
            [7.3143694191639, 10.5971694333912, 3.36154726279432],
            [7.25947656515262, 9.34344690143846, 11.6060329139633]
          ],
          "cm_mean_normalized": [
            [0.764434180138568, 0.152424942263279, 0.0831408775981524],
            [0.239130434782609, 0.560869565217391, 0.2],
            [0.0921985815602837, 0.103343465045593, 0.804457953394124]
          ],
          "cm_std_normalized": [
            [0.0736680734768433, 0.0808932458948886, 0.0290410539029083],
            [0.0795040154256945, 0.115186624275991, 0.0365385572042861],
            [0.0367754638558896, 0.0473325577580469, 0.0587944929785376]
          ]
        },
        "cv_val_oof_ens_acc": 0.741028966709901,
        "cv_val_oof_ens_f1": 0.708076601372104,
        "cv_val_oof_ens_confusion": {
          "cm_mean": [
            [662, 132, 72],
            [110, 258, 92],
            [91, 102, 794]
          ],
          "cm_std": [
            [0, 0, 0],
            [0, 0, 0],
            [0, 0, 0]
          ],
          "cm_mean_normalized": [
            [0.764434180138568, 0.152424942263279, 0.0831408775981524],
            [0.239130434782609, 0.560869565217391, 0.2],
            [0.0921985815602837, 0.103343465045593, 0.804457953394124]
          ],
          "cm_std_normalized": [
            [0, 0, 0],
            [0, 0, 0],
            [0, 0, 0]
          ]
        },
        "cv_test_ens_acc": 0.761755485893417,
        "cv_test_ens_f1": 0.710015251063803,
        "cv_test_ens_confusion": {
          "cm_mean": [
            [106, 11, 11],
            [58, 81, 30],
            [20, 22, 299]
          ],
          "cm_std": [
            [0, 0, 0],
            [0, 0, 0],
            [0, 0, 0]
          ],
          "cm_mean_normalized": [
            [0.828125, 0.0859375, 0.0859375],
            [0.343195266272189, 0.479289940828402, 0.177514792899408],
            [0.0586510263929619, 0.0645161290322581, 0.87683284457478]
          ],
          "cm_std_normalized": [
            [0, 0, 0],
            [0, 0, 0],
            [0, 0, 0]
          ]
        },
        "full_test_acc": 0.752351097178683,
        "full_test_f1": 0.695270740810809
      }
    ],
    "coattn": [
      {
        "fusion_method": "coattn",
        "seed": 42,
        "cv_val_acc_folds": [0.743534482758621, 0.745182012847966, 0.770961145194274, 0.78125, 0.741573033707865],
        "cv_val_f1_folds": [0.718163122227691, 0.699492428458981, 0.732985155487733, 0.755117526928732, 0.707306168147982],
        "cv_test_acc_folds": [0.764890282131661, 0.744514106583072, 0.725705329153605, 0.763322884012539, 0.764890282131661],
        "cv_test_f1_folds": [0.724089872179687, 0.684867593359723, 0.671403124002512, 0.720614529336639, 0.718593169837548],
        "cv_val_f1_mean": 0.722612880250223,
        "cv_val_f1_std": 0.0220951760694981,
        "cv_test_f1_mean": 0.703913657743222,
        "cv_test_f1_std": 0.0240892828291944,
        "cv_val_confusion": {
          "cm_mean": [
            [133.4, 21.8, 18],
            [20.4, 52.2, 19.4],
            [13.2, 19.8, 164.4]
          ],
          "cm_std": [
            [16.7570880525227, 8.67179335547152, 6],
            [7.53657747256671, 7.25947656515261, 2.70185121722126],
            [7.25947656515262, 7.01427116670007, 4.03732584763727]
          ],
          "cm_mean_normalized": [
            [0.770207852193995, 0.125866050808314, 0.103926096997691],
            [0.221739130434783, 0.567391304347826, 0.210869565217391],
            [0.0668693009118541, 0.100303951367781, 0.832826747720365]
          ],
          "cm_std_normalized": [
            [0.0967499310191843, 0.0500680909669256, 0.0346420323325635],
            [0.081919320353986, 0.0789073539690502, 0.0293679480132746],
            [0.0367754638558896, 0.0355332885851068, 0.0204525118927927]
          ]
        },
        "cv_val_oof_ens_acc": 0.756593169044531,
        "cv_val_oof_ens_f1": 0.723262122279189,
        "cv_val_oof_ens_confusion": {
          "cm_mean": [
            [667, 109, 90],
            [102, 261, 97],
            [66, 99, 822]
          ],
          "cm_std": [
            [0, 0, 0],
            [0, 0, 0],
            [0, 0, 0]
          ],
          "cm_mean_normalized": [
            [0.770207852193995, 0.125866050808314, 0.103926096997691],
            [0.221739130434783, 0.567391304347826, 0.210869565217391],
            [0.0668693009118541, 0.100303951367781, 0.832826747720365]
          ],
          "cm_std_normalized": [
            [0, 0, 0],
            [0, 0, 0],
            [0, 0, 0]
          ]
        },
        "cv_test_ens_acc": 0.771159874608151,
        "cv_test_ens_f1": 0.728538400264227,
        "cv_test_ens_confusion": {
          "cm_mean": [
            [98, 13, 17],
            [41, 95, 33],
            [18, 24, 299]
          ],
          "cm_std": [
            [0, 0, 0],
            [0, 0, 0],
            [0, 0, 0]
          ],
          "cm_mean_normalized": [
            [0.765625, 0.1015625, 0.1328125],
            [0.242603550295858, 0.562130177514793, 0.195266272189349],
            [0.0527859237536657, 0.0703812316715543, 0.87683284457478]
          ],
          "cm_std_normalized": [
            [0, 0, 0],
            [0, 0, 0],
            [0, 0, 0]
          ]
        },
        "full_test_acc": 0.761755485893417,
        "full_test_f1": 0.704188107254765
      },
      {
        "fusion_method": "coattn",
        "seed": 43,
        "cv_val_acc_folds": [0.683189655172414, 0.728051391862955, 0.746421267893661, 0.772321428571429, 0.723595505617978],
        "cv_val_f1_folds": [0.665388175650232, 0.694909467831496, 0.705875305415778, 0.738468925315785, 0.693460151778736],
        "cv_test_acc_folds": [0.744514106583072, 0.744514106583072, 0.741379310344828, 0.741379310344828, 0.746081504702194],
        "cv_test_f1_folds": [0.692600373482727, 0.704110199546731, 0.68884408907465, 0.686908406138875, 0.701466871591552],
        "cv_val_f1_mean": 0.699620405198405,
        "cv_val_f1_std": 0.0263643627125142,
        "cv_test_f1_mean": 0.694785987966907,
        "cv_test_f1_std": 0.00764386185393175,
        "cv_val_confusion": {
          "cm_mean": [
            [130.8, 24.4, 18],
            [21.2, 52.2, 18.6],
            [15.6, 26.8, 155]
          ],
          "cm_std": [
            [15.7066864742377, 9.37016542009798, 6.59545297913646],
            [4.76445169982864, 6.09918027279076, 6.26897120746299],
            [5.54977477020464, 12.4979998399744, 14.7648230602334]
          ],
          "cm_mean_normalized": [
            [0.755196304849885, 0.140877598152425, 0.103926096997691],
            [0.230434782608696, 0.567391304347826, 0.202173913043478],
            [0.0790273556231003, 0.135764944275583, 0.785207700101317]
          ],
          "cm_std_normalized": [
            [0.0906852567796631, 0.0541002622407505, 0.0380799825585246],
            [0.0517875184763982, 0.0662954377477257, 0.0681409913854673],
            [0.0281143605380174, 0.0633130690981479, 0.0747964694034114]
          ]
        },
        "cv_val_oof_ens_acc": 0.730652831820147,
        "cv_val_oof_ens_f1": 0.699603146529267,
        "cv_val_oof_ens_confusion": {
          "cm_mean": [
            [654, 122, 90],
            [106, 261, 93],
            [78, 134, 775]
          ],
          "cm_std": [
            [0, 0, 0],
            [0, 0, 0],
            [0, 0, 0]
          ],
          "cm_mean_normalized": [
            [0.755196304849885, 0.140877598152425, 0.103926096997691],
            [0.230434782608696, 0.567391304347826, 0.202173913043478],
            [0.0790273556231003, 0.135764944275583, 0.785207700101317]
          ],
          "cm_std_normalized": [
            [0, 0, 0],
            [0, 0, 0],
            [0, 0, 0]
          ]
        },
        "cv_test_ens_acc": 0.758620689655172,
        "cv_test_ens_f1": 0.709225516121062,
        "cv_test_ens_confusion": {
          "cm_mean": [
            [101, 13, 14],
            [50, 84, 35],
            [17, 25, 299]
          ],
          "cm_std": [
            [0, 0, 0],
            [0, 0, 0],
            [0, 0, 0]
          ],
          "cm_mean_normalized": [
            [0.7890625, 0.1015625, 0.109375],
            [0.295857988165681, 0.497041420118343, 0.207100591715976],
            [0.0498533724340176, 0.0733137829912024, 0.87683284457478]
          ],
          "cm_std_normalized": [
            [0, 0, 0],
            [0, 0, 0],
            [0, 0, 0]
          ]
        },
        "full_test_acc": 0.741379310344828,
        "full_test_f1": 0.682197850905553
      },
      {
        "fusion_method": "coattn",
        "seed": 44,
        "cv_val_acc_folds": [0.730603448275862, 0.704496788008565, 0.76278118609407, 0.765625, 0.761797752808989],
        "cv_val_f1_folds": [0.706213164972242, 0.675712249276952, 0.713988098966429, 0.726517614347338, 0.720667583434123],
        "cv_test_acc_folds": [0.782131661442006, 0.710031347962382, 0.733542319749216, 0.760188087774295, 0.753918495297806],
        "cv_test_f1_folds": [0.738750381553504, 0.685179339706796, 0.67254073663045, 0.713487942488795, 0.705434472330992],
        "cv_val_f1_mean": 0.708619742199417,
        "cv_val_f1_std": 0.0198934553598058,
        "cv_test_f1_mean": 0.703078574542107,
        "cv_test_f1_std": 0.0256871814476978,
        "cv_val_confusion": {
          "cm_mean": [
            [137.4, 21.8, 14],
            [22.6, 49.8, 19.6],
            [16.4, 23.6, 157.4]
          ],
          "cm_std": [
            [12.0124934963562, 4.96990945591567, 3.87298334620742],
            [5.12835256198323, 6.1400325732035, 6.46529195009785],
            [4.61519230368573, 14.7918896696805, 20.3911745615597]
          ],
          "cm_mean_normalized": [
            [0.793302540415704, 0.125866050808314, 0.0808314087759815],
            [0.245652173913044, 0.541304347826087, 0.21304347826087],
            [0.083080040526849, 0.119554204660588, 0.797365754812563]
          ],
          "cm_std_normalized": [
            [0.0693561980159134, 0.028694627343624, 0.0223613357171329],
            [0.0557429626302525, 0.0667394844913424, 0.0702749125010635],
            [0.0233799002213056, 0.0749335849527886, 0.103298756644173]
          ]
        },
        "cv_val_oof_ens_acc": 0.744920017293558,
        "cv_val_oof_ens_f1": 0.709532368793387,
        "cv_val_oof_ens_confusion": {
          "cm_mean": [
            [687, 109, 70],
            [113, 249, 98],
            [82, 118, 787]
          ],
          "cm_std": [
            [0, 0, 0],
            [0, 0, 0],
            [0, 0, 0]
          ],
          "cm_mean_normalized": [
            [0.793302540415704, 0.125866050808314, 0.0808314087759815],
            [0.245652173913043, 0.541304347826087, 0.21304347826087],
            [0.083080040526849, 0.119554204660588, 0.797365754812563]
          ],
          "cm_std_normalized": [
            [0, 0, 0],
            [0, 0, 0],
            [0, 0, 0]
          ]
        },
        "cv_test_ens_acc": 0.766457680250784,
        "cv_test_ens_f1": 0.72363369994736,
        "cv_test_ens_confusion": {
          "cm_mean": [
            [106, 13, 9],
            [47, 89, 33],
            [18, 29, 294]
          ],
          "cm_std": [
            [0, 0, 0],
            [0, 0, 0],
            [0, 0, 0]
          ],
          "cm_mean_normalized": [
            [0.828125, 0.1015625, 0.0703125],
            [0.27810650887574, 0.526627218934911, 0.195266272189349],
            [0.0527859237536657, 0.0850439882697947, 0.86217008797654]
          ],
          "cm_std_normalized": [
            [0, 0, 0],
            [0, 0, 0],
            [0, 0, 0]
          ]
        },
        "full_test_acc": 0.739811912225705,
        "full_test_f1": 0.684182684045445
      }
    ],
    "late_interaction": [
      {
        "fusion_method": "late_interaction",
        "seed": 42,
        "cv_val_acc_folds": [0.739224137931035, 0.758029978586724, 0.711656441717791, 0.783482142857143, 0.746067415730337],
