{
  "methods": [
    "sent",
    "term",
    "concat",
    "add",
    "mul",
    "cross"
  ],
  "seeds": [42, 43, 44],
  "folds": 5,
  "runs": {
    "sent": [
      {
        "fusion_method": "sent",
        "seed": 42,
        "cv_val_acc_folds": [0.71551724137931, 0.734475374732334, 0.740286298568507, 0.803571428571429, 0.757303370786517],
        "cv_val_f1_folds": [0.682750247729488, 0.686130790190736, 0.704419471914228, 0.76881126488863, 0.696736257721479],
        "cv_test_acc_folds": [0.758620689655172, 0.74294670846395, 0.761755485893417, 0.752351097178683, 0.736677115987461],
        "cv_test_f1_folds": [0.708646282013105, 0.683697220653742, 0.713330202340417, 0.693637045070083, 0.656808251592793],
        "cv_val_f1_mean": 0.707769606488912,
        "cv_val_f1_std": 0.0351896608764532,
        "cv_test_f1_mean": 0.691223800334028,
        "cv_test_f1_std": 0.0225784134989926,
        "cv_val_confusion": {
          "cm_mean": [
            [133.8, 21.8, 17.6],
            [22, 45.8, 24.2],
            [12.4, 17.8, 167.2]
          ],
          "cm_std": [
            [9.85900603509299, 7.36206492772238, 4.15932686861708],
            [6.44204936336256, 8.04363102087608, 2.86356421265527],
            [4.72228758124704, 6.49615270756469, 6.76017751246223]
          ],
          "cm_mean_normalized": [
            [0.772517321016166, 0.125866050808314, 0.10161662817552],
            [0.239130434782609, 0.497826086956522, 0.26304347826087],
            [0.0628166160081054, 0.0901722391084093, 0.847011144883485]
          ],
          "cm_std_normalized": [
            [0.056922667639105, 0.0425061485434318, 0.0240145893107222],
            [0.0700222756887235, 0.0874307719660444, 0.0311256979636442],
            [0.0239224294896, 0.0329085750129923, 0.0342460866892717]
          ]
        },
        "cv_val_oof_ens_acc": 0.749675745784695,
        "cv_val_oof_ens_f1": 0.707671055500779,
        "cv_val_oof_ens_confusion": {
          "cm_mean": [
            [669, 109, 88],
            [110, 229, 121],
            [62, 89, 836]
          ],
          "cm_std": [
            [0, 0, 0],
            [0, 0, 0],
            [0, 0, 0]
          ],
          "cm_mean_normalized": [
            [0.772517321016166, 0.125866050808314, 0.10161662817552],
            [0.239130434782609, 0.497826086956522, 0.26304347826087],
            [0.0628166160081054, 0.0901722391084093, 0.847011144883485]
          ],
          "cm_std_normalized": [
            [0, 0, 0],
            [0, 0, 0],
            [0, 0, 0]
          ]
        },
        "cv_test_ens_acc": 0.761755485893417,
        "cv_test_ens_f1": 0.700337862758019,
        "cv_test_ens_confusion": {
          "cm_mean": [
            [104, 12, 12],
            [60, 73, 36],
            [19, 13, 309]
          ],
          "cm_std": [
            [0, 0, 0],
            [0, 0, 0],
            [0, 0, 0]
          ],
          "cm_mean_normalized": [
            [0.8125, 0.09375, 0.09375],
            [0.355029585798817, 0.431952662721894, 0.21301775147929],
            [0.0557184750733138, 0.0381231671554252, 0.906158357771261]
          ],
          "cm_std_normalized": [
            [0, 0, 0],
            [0, 0, 0],
            [0, 0, 0]
          ]
        },
        "full_test_acc": 0.755485893416928,
        "full_test_f1": 0.701099637431228
      },
      {
        "fusion_method": "sent",
        "seed": 43,
        "cv_val_acc_folds": [0.693965517241379, 0.751605995717345, 0.70961145194274, 0.792410714285714, 0.764044943820225],
        "cv_val_f1_folds": [0.664582579828058, 0.712519139681181, 0.621068305259993, 0.758624106460877, 0.708284207603721],
        "cv_test_acc_folds": [0.761755485893417, 0.761755485893417, 0.74294670846395, 0.750783699059561, 0.753918495297806],
        "cv_test_f1_folds": [0.716728157195649, 0.709377606475749, 0.678795956344616, 0.698055473760722, 0.697979999258334],
        "cv_val_f1_mean": 0.693015667766766,
        "cv_val_f1_std": 0.0522083432383159,
        "cv_test_f1_mean": 0.700187438607014,
        "cv_test_f1_std": 0.014361999624446,
        "cv_val_confusion": {
          "cm_mean": [
            [140.4, 19.4, 13.4],
            [24.4, 41.6, 26],
            [18.6, 17.8, 161]
          ],
          "cm_std": [
            [18.7962762269552, 11.6318528188763, 6.34822809924155],
            [8.20365772079748, 12.5817327900413, 9.66953980290686],
            [2.79284800875379, 5.89067059000926, 8.21583836257749]
          ],
          "cm_mean_normalized": [
            [0.810623556581986, 0.112009237875289, 0.0773672055427252],
            [0.265217391304348, 0.452173913043478, 0.282608695652174],
            [0.0942249240121581, 0.0901722391084093, 0.815602836879433]
          ],
          "cm_std_normalized": [
            [0.108523534797663, 0.0671585035731887, 0.036652587178069],
            [0.0891701926173639, 0.136757965109144, 0.105103693509857],
            [0.0141481662044265, 0.0298412897163589, 0.0416202551295719]
          ]
        },
        "cv_val_oof_ens_acc": 0.74146130566364,
        "cv_val_oof_ens_f1": 0.694669442651969,
        "cv_val_oof_ens_confusion": {
          "cm_mean": [
            [702, 97, 67],
            [122, 208, 130],
            [93, 89, 805]
          ],
          "cm_std": [
            [0, 0, 0],
            [0, 0, 0],
            [0, 0, 0]
          ],
          "cm_mean_normalized": [
            [0.810623556581986, 0.112009237875289, 0.0773672055427252],
            [0.265217391304348, 0.452173913043478, 0.282608695652174],
            [0.0942249240121581, 0.0901722391084093, 0.815602836879433]
          ],
          "cm_std_normalized": [
            [0, 0, 0],
            [0, 0, 0],
            [0, 0, 0]
          ]
        },
        "cv_test_ens_acc": 0.75705329153605,
        "cv_test_ens_f1": 0.705268133373378,
        "cv_test_ens_confusion": {
          "cm_mean": [
            [108, 10, 10],
            [54, 77, 38],
            [22, 21, 298]
          ],
          "cm_std": [
            [0, 0, 0],
            [0, 0, 0],
            [0, 0, 0]
          ],
          "cm_mean_normalized": [
            [0.84375, 0.078125, 0.078125],
            [0.319526627218935, 0.455621301775148, 0.224852071005917],
            [0.0645161290322581, 0.06158357771261, 0.873900293255132]
          ],
          "cm_std_normalized": [
            [0, 0, 0],
            [0, 0, 0],
            [0, 0, 0]
          ]
        },
        "full_test_acc": 0.761755485893417,
        "full_test_f1": 0.704305315868032
      },
      {
        "fusion_method": "sent",
        "seed": 44,
        "cv_val_acc_folds": [0.724137931034483, 0.740899357601713, 0.748466257668712, 0.772321428571429, 0.755056179775281],
        "cv_val_f1_folds": [0.689885265700483, 0.676944364662353, 0.702686896029277, 0.74429703431101, 0.700998834488229],
        "cv_test_acc_folds": [0.755485893416928, 0.753918495297806, 0.749216300940439, 0.744514106583072, 0.753918495297806],
        "cv_test_f1_folds": [0.704773508535017, 0.693638110629479, 0.682510989096309, 0.699902825927093, 0.690072662219801],
        "cv_val_f1_mean": 0.702962479038271,
        "cv_val_f1_std": 0.0253003611133776,
        "cv_test_f1_mean": 0.69417961928154,
        "cv_test_f1_std": 0.00863572293079072,
        "cv_val_confusion": {
          "cm_mean": [
            [139, 18.2, 16],
            [27, 43.6, 21.4],
            [17.2, 16.8, 163.4]
          ],
          "cm_std": [
            [7.96868872525461, 3.56370593624109, 1.87082869338697],
            [7.3143694191639, 8.50294066779253, 3.78153408023781],
            [4.08656334834051, 5.35723809439155, 10.0895986045036]
          ],
          "cm_mean_normalized": [
            [0.802540415704388, 0.105080831408776, 0.092378752886836],
            [0.293478260869565, 0.473913043478261, 0.232608695652174],
            [0.0871327254305978, 0.0851063829787234, 0.827760891590679]
          ],
          "cm_std_normalized": [
            [0.0460085954114008, 0.0205756693778354, 0.0108015513474998],
            [0.0795040154256945, 0.0924232681281796, 0.0411036313069327],
            [0.0207019419875406, 0.0271389974386603, 0.0511124549366948]
          ]
        },
        "cv_val_oof_ens_acc": 0.747946389969736,
        "cv_val_oof_ens_f1": 0.703950909559684,
        "cv_val_oof_ens_confusion": {
          "cm_mean": [
            [695, 91, 80],
            [135, 218, 107],
            [86, 84, 817]
          ],
          "cm_std": [
            [0, 0, 0],
            [0, 0, 0],
            [0, 0, 0]
          ],
          "cm_mean_normalized": [
            [0.802540415704388, 0.105080831408776, 0.092378752886836],
            [0.293478260869565, 0.473913043478261, 0.232608695652174],
            [0.0871327254305978, 0.0851063829787234, 0.827760891590679]
          ],
          "cm_std_normalized": [
            [0, 0, 0],
            [0, 0, 0],
            [0, 0, 0]
          ]
        },
        "cv_test_ens_acc": 0.764890282131661,
        "cv_test_ens_f1": 0.707107618682472,
        "cv_test_ens_confusion": {
          "cm_mean": [
            [108, 9, 11],
            [63, 75, 31],
            [22, 14, 305]
          ],
          "cm_std": [
            [0, 0, 0],
            [0, 0, 0],
            [0, 0, 0]
          ],
          "cm_mean_normalized": [
            [0.84375, 0.0703125, 0.0859375],
            [0.372781065088757, 0.443786982248521, 0.183431952662722],
            [0.0645161290322581, 0.0410557184750733, 0.894428152492669]
          ],
          "cm_std_normalized": [
            [0, 0, 0],
            [0, 0, 0],
            [0, 0, 0]
          ]
        },
        "full_test_acc": 0.761755485893417,
        "full_test_f1": 0.704093690343592
      }
    ],
    "term": [
      {
        "fusion_method": "term",
        "seed": 42,
        "cv_val_acc_folds": [0.525862068965517, 0.537473233404711, 0.554192229038855, 0.566964285714286, 0.557303370786517],
        "cv_val_f1_folds": [0.484829504210568, 0.471841588186423, 0.484971058741103, 0.500460643013835, 0.502832266757562],
        "cv_test_acc_folds": [0.523510971786834, 0.525078369905956, 0.550156739811912, 0.5, 0.5141065830721],
        "cv_test_f1_folds": [0.455388556706273, 0.43301578401837, 0.472022137563947, 0.409112466058136, 0.438281495497437],
        "cv_val_f1_mean": 0.488987012181898,
        "cv_val_f1_std": 0.012754544261629,
        "cv_test_f1_mean": 0.441564087968833,
        "cv_test_f1_std": 0.0237474493336048,
        "cv_val_confusion": {
          "cm_mean": [
            [91, 25.4, 56.8],
            [36.2, 21.4, 34.4],
            [39.4, 16.8, 141.2]
          ],
          "cm_std": [
            [6.36396103067893, 12.5019998400256, 10.084641788383],
            [7.46324326281812, 4.77493455452533, 11.6961532137708],
            [7.09224929059886, 7.29383301152419, 8.87130204648675]
          ],
          "cm_mean_normalized": [
            [0.52540415704388, 0.146651270207852, 0.327944572748268],
            [0.393478260869565, 0.232608695652174, 0.373913043478261],
            [0.199594731509625, 0.0851063829787234, 0.715298885511651]
          ],
          "cm_std_normalized": [
            [0.0367434239646589, 0.0721824471133118, 0.0582254144825806],
            [0.0811222093784578, 0.0519014625491884, 0.127132100149682],
            [0.0359283145420408, 0.0369495086703353, 0.0449407398504901]
          ]
        },
        "cv_val_oof_ens_acc": 0.54820579334198,
        "cv_val_oof_ens_f1": 0.489241079941385,
        "cv_val_oof_ens_confusion": {
          "cm_mean": [
            [455, 127, 284],
            [181, 107, 172],
            [197, 84, 706]
          ],
          "cm_std": [
            [0, 0, 0],
            [0, 0, 0],
            [0, 0, 0]
          ],
          "cm_mean_normalized": [
            [0.52540415704388, 0.146651270207852, 0.327944572748268],
            [0.393478260869565, 0.232608695652174, 0.373913043478261],
            [0.199594731509625, 0.0851063829787234, 0.715298885511651]
          ],
          "cm_std_normalized": [
            [0, 0, 0],
            [0, 0, 0],
            [0, 0, 0]
          ]
        },
        "cv_test_ens_acc": 0.531347962382445,
        "cv_test_ens_f1": 0.444491905347373,
        "cv_test_ens_confusion": {
          "cm_mean": [
            [56, 9, 63],
            [79, 35, 55],
            [65, 28, 248]
          ],
          "cm_std": [
            [0, 0, 0],
            [0, 0, 0],
            [0, 0, 0]
          ],
          "cm_mean_normalized": [
            [0.4375, 0.0703125, 0.4921875],
            [0.467455621301775, 0.207100591715976, 0.325443786982249],
            [0.190615835777126, 0.0821114369501466, 0.727272727272727]
          ],
          "cm_std_normalized": [
            [0, 0, 0],
            [0, 0, 0],
            [0, 0, 0]
          ]
        },
        "full_test_acc": 0.518808777429467,
        "full_test_f1": 0.449449139029457
      },
      {
        "fusion_method": "term",
        "seed": 43,
        "cv_val_acc_folds": [0.523706896551724, 0.54389721627409, 0.566462167689162, 0.546875, 0.548314606741573],
        "cv_val_f1_folds": [0.498289553915399, 0.481368651888883, 0.520848593236717, 0.50112844497395, 0.482616545933129],
        "cv_test_acc_folds": [0.520376175548589, 0.532915360501567, 0.492163009404389, 0.521943573667712, 0.478056426332288],
        "cv_test_f1_folds": [0.472312851123873, 0.446165896525693, 0.427763568561836, 0.479914608624559, 0.422666587541788],
        "cv_val_f1_mean": 0.496850357989615,
        "cv_val_f1_std": 0.0161134511944398,
        "cv_test_f1_mean": 0.44976470247555,
        "cv_test_f1_std": 0.0257329797097918,
        "cv_val_confusion": {
          "cm_mean": [
            [101.4, 26.2, 45.6],
            [38.4, 25.6, 28],
            [47.8, 24, 125.6]
          ],
          "cm_std": [
            [18.6091375404665, 14.2021125189177, 15.3394915169963],
            [11.2827301660547, 8.79204185613331, 8.80340843082951],
            [11.4324100696222, 9.2736184954957, 12.4217551094843]
          ],
          "cm_mean_normalized": [
            [0.585450346420323, 0.151270207852194, 0.263279445727483],
            [0.417391304347826, 0.278260869565217, 0.304347826086957],
            [0.242147922998987, 0.121580547112462, 0.636271529888551]
          ],
          "cm_std_normalized": [
            [0.107443057392994, 0.0819983401785089, 0.0885651935161446],
            [0.122638371370159, 0.0955656723492751, 0.0956892220742338],
            [0.0579149446282788, 0.0469788170997756, 0.0629268242628386]
          ]
        },
        "cv_val_oof_ens_acc": 0.546044098573281,
        "cv_val_oof_ens_f1": 0.5001977227233,
        "cv_val_oof_ens_confusion": {
          "cm_mean": [
            [507, 131, 228],
            [192, 128, 140],
            [239, 120, 628]
          ],
          "cm_std": [
            [0, 0, 0],
            [0, 0, 0],
            [0, 0, 0]
          ],
          "cm_mean_normalized": [
            [0.585450346420323, 0.151270207852194, 0.263279445727483],
            [0.417391304347826, 0.278260869565217, 0.304347826086957],
            [0.242147922998987, 0.121580547112462, 0.636271529888551]
          ],
          "cm_std_normalized": [
            [0, 0, 0],
            [0, 0, 0],
            [0, 0, 0]
          ]
        },
        "cv_test_ens_acc": 0.531347962382445,
        "cv_test_ens_f1": 0.471734010477749,
        "cv_test_ens_confusion": {
          "cm_mean": [
            [65, 19, 44],
            [74, 48, 47],
            [77, 38, 226]
          ],
          "cm_std": [
            [0, 0, 0],
            [0, 0, 0],
            [0, 0, 0]
          ],
          "cm_mean_normalized": [
            [0.5078125, 0.1484375, 0.34375],
            [0.437869822485207, 0.284023668639053, 0.27810650887574],
            [0.225806451612903, 0.111436950146628, 0.662756598240469]
          ],
          "cm_std_normalized": [
            [0, 0, 0],
            [0, 0, 0],
            [0, 0, 0]
          ]
        },
        "full_test_acc": 0.523510971786834,
        "full_test_f1": 0.450091821996372
      },
      {
        "fusion_method": "term",
        "seed": 44,
        "cv_val_acc_folds": [0.540948275862069, 0.537473233404711, 0.543967280163599, 0.540178571428571, 0.539325842696629],
        "cv_val_f1_folds": [0.487933075103529, 0.446536139483243, 0.488832820256651, 0.496209860755897, 0.489877800850872],
        "cv_test_acc_folds": [0.542319749216301, 0.468652037617555, 0.493730407523511, 0.512539184952978, 0.501567398119122],
        "cv_test_f1_folds": [0.465885498584461, 0.359747047143637, 0.447010985259833, 0.463400506235109, 0.430091633540489],
        "cv_val_f1_mean": 0.481877939290038,
        "cv_val_f1_std": 0.0200217357542947,
        "cv_test_f1_mean": 0.433227134152706,
        "cv_test_f1_std": 0.0435205418523066,
        "cv_val_confusion": {
          "cm_mean": [
            [100.2, 22.8, 50.2],
            [36.4, 20.8, 34.8],
            [50, 18.4, 129]
          ],
          "cm_std": [
            [16.4833249073116, 10.1833196944808, 6.1400325732035],
            [8.90505474435727, 6.72309452558864, 7.69415362466854],
            [14.1950695665784, 7.82943165242535, 9.66953980290686]
          ],
          "cm_mean_normalized": [
            [0.578521939953811, 0.131639722863741, 0.289838337182448],
            [0.395652173913043, 0.226086956521739, 0.378260869565217],
            [0.253292806484296, 0.0932117527862209, 0.653495440729483]
          ],
          "cm_std_normalized": [
            [0.0951693123978732, 0.0587951483515056, 0.0354505344873181],
            [0.0967940733082312, 0.0730771144085722, 0.0836321046159624],
            [0.0719101801751692, 0.0396627743283959, 0.0489844974817977]
          ]
        },
        "cv_val_oof_ens_acc": 0.540423692174665,
        "cv_val_oof_ens_f1": 0.484744283924458,
        "cv_val_oof_ens_confusion": {
          "cm_mean": [
            [501, 114, 251],
            [182, 104, 174],
            [250, 92, 645]
          ],
          "cm_std": [
            [0, 0, 0],
            [0, 0, 0],
            [0, 0, 0]
          ],
          "cm_mean_normalized": [
            [0.578521939953811, 0.131639722863741, 0.289838337182448],
            [0.395652173913043, 0.226086956521739, 0.378260869565217],
            [0.253292806484296, 0.0932117527862209, 0.653495440729483]
          ],
          "cm_std_normalized": [
            [0, 0, 0],
            [0, 0, 0],
            [0, 0, 0]
          ]
        },
        "cv_test_ens_acc": 0.518808777429467,
        "cv_test_ens_f1": 0.44868477150215,
        "cv_test_ens_confusion": {
          "cm_mean": [
            [67, 10, 51],
            [85, 36, 48],
            [85, 28, 228]
          ],
          "cm_std": [
            [0, 0, 0],
            [0, 0, 0],
            [0, 0, 0]
          ],
          "cm_mean_normalized": [
            [0.5234375, 0.078125, 0.3984375],
            [0.502958579881657, 0.21301775147929, 0.284023668639053],
            [0.249266862170088, 0.0821114369501466, 0.668621700879765]
          ],
          "cm_std_normalized": [
            [0, 0, 0],
            [0, 0, 0],
            [0, 0, 0]
          ]
        },
        "full_test_acc": 0.515673981191223,
        "full_test_f1": 0.436244934600749
      }
    ],
    "concat": [
      {
        "fusion_method": "concat",
        "seed": 42,
        "cv_val_acc_folds": [0.739224137931035, 0.732334047109208, 0.70961145194274, 0.790178571428571, 0.748314606741573],
        "cv_val_f1_folds": [0.712872538794602, 0.702463511437351, 0.686201101236705, 0.756839479128636, 0.693869772169472],
        "cv_test_acc_folds": [0.774294670846395, 0.75705329153605, 0.764890282131661, 0.749216300940439, 0.752351097178683],
        "cv_test_f1_folds": [0.72467665194769, 0.707977861953545, 0.731662495261992, 0.691325611325611, 0.696544847534947],
        "cv_val_f1_mean": 0.710449280553353,
        "cv_val_f1_std": 0.0277693604137525,
        "cv_test_f1_mean": 0.710437493604757,
        "cv_test_f1_std": 0.0174468748820334,
        "cv_val_confusion": {
          "cm_mean": [
            [131, 25.2, 17],
            [20.2, 52.4, 19.4],
            [11.4, 25.6, 160.4]
          ],
          "cm_std": [
            [6.28490254498827, 11.861703081767, 2.91547594742265],
            [4.91934955049954, 10.2127371453494, 2.30217288664427],
            [3.36154726279432, 11.2827301660547, 6.14817045957576]
          ],
          "cm_mean_normalized": [
            [0.75635103926097, 0.145496535796767, 0.0981524249422633],
            [0.219565217391304, 0.569565217391304, 0.210869565217391],
            [0.0577507598784195, 0.129685916919959, 0.812563323201621]
          ],
          "cm_std_normalized": [
            [0.0362869661950824, 0.0684855836129733, 0.0168330020059045],
            [0.0534711907662993, 0.11100801244945, 0.0250236183330899],
            [0.0170291148064555, 0.0571566877713003, 0.0311457470089957]
          ]
        },
        "cv_val_oof_ens_acc": 0.743190661478599,
        "cv_val_oof_ens_f1": 0.710303890855514,
        "cv_val_oof_ens_confusion": {
          "cm_mean": [
            [655, 126, 85],
            [101, 262, 97],
            [57, 128, 802]
          ],
          "cm_std": [
            [0, 0, 0],
            [0, 0, 0],
            [0, 0, 0]
          ],
          "cm_mean_normalized": [
            [0.75635103926097, 0.145496535796767, 0.0981524249422633],
            [0.219565217391304, 0.569565217391304, 0.210869565217391],
            [0.0577507598784195, 0.129685916919959, 0.812563323201621]
          ],
          "cm_std_normalized": [
            [0, 0, 0],
            [0, 0, 0],
            [0, 0, 0]
          ]
        },
        "cv_test_ens_acc": 0.783699059561129,
        "cv_test_ens_f1": 0.742158827298146,
        "cv_test_ens_confusion": {
          "cm_mean": [
            [100, 14, 14],
            [42, 99, 28],
            [16, 24, 301]
          ],
          "cm_std": [
            [0, 0, 0],
            [0, 0, 0],
            [0, 0, 0]
          ],
          "cm_mean_normalized": [
            [0.78125, 0.109375, 0.109375],
            [0.248520710059172, 0.585798816568047, 0.165680473372781],
            [0.0469208211143695, 0.0703812316715543, 0.882697947214076]
          ],
          "cm_std_normalized": [
            [0, 0, 0],
            [0, 0, 0],
            [0, 0, 0]
          ]
        },
        "full_test_acc": 0.764890282131661,
        "full_test_f1": 0.711360973922743
      },
      {
        "fusion_method": "concat",
        "seed": 43,
        "cv_val_acc_folds": [0.730603448275862, 0.751605995717345, 0.748466257668712, 0.787946428571429, 0.757303370786517],
        "cv_val_f1_folds": [0.706028746770026, 0.711605271882252, 0.699851603935925, 0.746963594628073, 0.714335277991974],
        "cv_test_acc_folds": [0.761755485893417, 0.736677115987461, 0.746081504702194, 0.758620689655172, 0.746081504702194],
        "cv_test_f1_folds": [0.719470849970971, 0.676184571468564, 0.681776573872877, 0.698179797254845, 0.697788508354747],
        "cv_val_f1_mean": 0.71575689904165,
        "cv_val_f1_std": 0.0183079915810237,
        "cv_test_f1_mean": 0.694680060184401,
        "cv_test_f1_std": 0.0169194926760613,
        "cv_val_confusion": {
          "cm_mean": [
            [138.8, 19.2, 15.2],
            [24, 47.4, 20.6],
            [15, 19.4, 163]
          ],
          "cm_std": [
            [6.79705818718657, 4.96990945591567, 5.16720427310553],
            [2.73861278752583, 5.50454357780915, 7.02139587261678],
            [4.94974746830583, 9.01665126307988, 13.5462171841441]
          ],
          "cm_mean_normalized": [
            [0.801385681293303, 0.110854503464203, 0.0877598152424942],
            [0.260869565217391, 0.515217391304348, 0.223913043478261],
            [0.0759878419452888, 0.0982776089159068, 0.825734549138804]
          ],
          "cm_std_normalized": [
            [0.0392439849144721, 0.028694627343624, 0.0298337429163137],
            [0.0297675302991938, 0.0598319954109691, 0.0763195203545303],
            [0.0250747085527145, 0.0456770580703135, 0.0686231873563529]
          ]
        },
        "cv_val_oof_ens_acc": 0.754863813229572,
        "cv_val_oof_ens_f1": 0.715428073252877,
        "cv_val_oof_ens_confusion": {
          "cm_mean": [
            [694, 96, 76],
            [120, 237, 103],
            [75, 97, 815]
          ],
          "cm_std": [
            [0, 0, 0],
            [0, 0, 0],
            [0, 0, 0]
          ],
          "cm_mean_normalized": [
            [0.801385681293303, 0.110854503464203, 0.0877598152424942],
            [0.260869565217391, 0.515217391304348, 0.223913043478261],
            [0.0759878419452888, 0.0982776089159068, 0.825734549138805]
          ],
          "cm_std_normalized": [
            [0, 0, 0],
            [0, 0, 0],
            [0, 0, 0]
          ]
        },
        "cv_test_ens_acc": 0.755485893416928,
        "cv_test_ens_f1": 0.702481779245732,
        "cv_test_ens_confusion": {
          "cm_mean": [
            [105, 11, 12],
            [59, 79, 31],
            [19, 24, 298]
          ],
          "cm_std": [
            [0, 0, 0],
            [0, 0, 0],
            [0, 0, 0]
          ],
          "cm_mean_normalized": [
            [0.8203125, 0.0859375, 0.09375],
            [0.349112426035503, 0.467455621301775, 0.183431952662722],
            [0.0557184750733138, 0.0703812316715543, 0.873900293255132]
          ],
          "cm_std_normalized": [
            [0, 0, 0],
            [0, 0, 0],
            [0, 0, 0]
          ]
        },
        "full_test_acc": 0.752351097178683,
        "full_test_f1": 0.702210907056722
      },
      {
        "fusion_method": "concat",
        "seed": 44,
        "cv_val_acc_folds": [0.732758620689655, 0.743040685224839, 0.738241308793456, 0.790178571428571, 0.759550561797753],
        "cv_val_f1_folds": [0.692054269213799, 0.702938752182806, 0.703051848650206, 0.757640947167125, 0.713383184641128],
        "cv_test_acc_folds": [0.758620689655172, 0.74294670846395, 0.746081504702194, 0.735109717868339, 0.735109717868339],
        "cv_test_f1_folds": [0.69979275274346, 0.682032497722019, 0.689495354273479, 0.677374765652239, 0.680086006119965],
        "cv_val_f1_mean": 0.713813800371013,
        "cv_val_f1_std": 0.0256347795987862,
        "cv_test_f1_mean": 0.685756275302232,
        "cv_test_f1_std": 0.0090453245739236,
        "cv_val_confusion": {
          "cm_mean": [
            [134, 20.4, 18.8],
            [21.6, 47.6, 22.8],
            [13.8, 17.2, 166.4]
          ],
          "cm_std": [
            [7.68114574786861, 5.31977443130815, 5.44977063737549],
            [5.63914887194867, 4.82700735445887, 5.58569601750758],
            [3.89871773792359, 4.86826457785523, 11.148990985735]
          ],
          "cm_mean_normalized": [
            [0.773672055427252, 0.117782909930716, 0.108545034642032],
            [0.234782608695652, 0.517391304347826, 0.247826086956522],
            [0.0699088145896657, 0.0871327254305978, 0.842958459979737]
          ],
          "cm_std_normalized": [
            [0.0443484165581328, 0.0307146329752203, 0.0314651884375028],
            [0.0612950964342247, 0.0524674712441181, 0.0607140871468215],
            [0.0197503431505754, 0.0246619279526608, 0.0564791843248986]
          ]
        },
        "cv_val_oof_ens_acc": 0.752269779507134,
        "cv_val_oof_ens_f1": 0.713472339526803,
        "cv_val_oof_ens_confusion": {
          "cm_mean": [
            [670, 102, 94],
            [108, 238, 114],
            [69, 86, 832]
          ],
          "cm_std": [
            [0, 0, 0],
            [0, 0, 0],
            [0, 0, 0]
          ],
          "cm_mean_normalized": [
            [0.773672055427252, 0.117782909930716, 0.108545034642032],
            [0.234782608695652, 0.517391304347826, 0.247826086956522],
            [0.0699088145896657, 0.0871327254305978, 0.842958459979737]
          ],
          "cm_std_normalized": [
            [0, 0, 0],
            [0, 0, 0],
            [0, 0, 0]
          ]
        },
        "cv_test_ens_acc": 0.752351097178683,
        "cv_test_ens_f1": 0.698672382814726,
        "cv_test_ens_confusion": {
          "cm_mean": [
            [105, 10, 13],
            [58, 77, 34],
            [20, 23, 298]
          ],
          "cm_std": [
            [0, 0, 0],
            [0, 0, 0],
            [0, 0, 0]
          ],
          "cm_mean_normalized": [
            [0.8203125, 0.078125, 0.1015625],
            [0.343195266272189, 0.455621301775148, 0.201183431952663],
            [0.0586510263929619, 0.0674486803519062, 0.873900293255132]
          ],
          "cm_std_normalized": [
            [0, 0, 0],
            [0, 0, 0],
            [0, 0, 0]
          ]
        },
        "full_test_acc": 0.753918495297806,
        "full_test_f1": 0.699220052616525
      }
    ],
    "add": [
      {
        "fusion_method": "add",
        "seed": 42,
        "cv_val_acc_folds": [0.734913793103448, 0.745182012847966, 0.719836400817996, 0.787946428571429, 0.734831460674157],
        "cv_val_f1_folds": [0.705655991424938, 0.688917807928987, 0.689308984321855, 0.758644070721115, 0.680943857088841],
        "cv_test_acc_folds": [0.771159874608151, 0.738244514106583, 0.764890282131661, 0.763322884012539, 0.746081504702194],
        "cv_test_f1_folds": [0.727845295040191, 0.682001278772379, 0.72362243598016, 0.717551495426615, 0.678814112588293],
        "cv_val_f1_mean": 0.704694142297147,
        "cv_val_f1_std": 0.0314689997862674,
        "cv_test_f1_mean": 0.705966923561528,
        "cv_test_f1_std": 0.0236442902014847,
        "cv_val_confusion": {
          "cm_mean": [
            [131.2, 24.8, 17.2],
            [22.8, 48.2, 21],
            [13.2, 19.4, 164.8]
          ],
          "cm_std": [
            [10.4259292151827, 13.5351394525509, 2.68328157299975],
            [7.3280283842245, 10.9635760589326, 3.39116499156263],
            [2.16794833886788, 7.09224929059886, 8.8147603484156]
          ],
          "cm_mean_normalized": [
            [0.757505773672055, 0.143187066974596, 0.0993071593533487],
            [0.247826086956522, 0.523913043478261, 0.228260869565217],
            [0.0668693009118541, 0.0982776089159068, 0.834853090172239]
          ],
          "cm_std_normalized": [
            [0.0601958961615629, 0.0781474564235041, 0.0154923878348715],
            [0.0796524824372229, 0.119169304988398, 0.0368604890387243],
            [0.0109825143812963, 0.0359283145420408, 0.0446543077427336]
          ]
        },
        "cv_val_oof_ens_acc": 0.744055339386079,
        "cv_val_oof_ens_f1": 0.705603736727004,
        "cv_val_oof_ens_confusion": {
          "cm_mean": [
            [656, 124, 86],
            [114, 241, 105],
            [66, 97, 824]
          ],
          "cm_std": [
            [0, 0, 0],
            [0, 0, 0],
            [0, 0, 0]
          ],
          "cm_mean_normalized": [
            [0.757505773672055, 0.143187066974596, 0.0993071593533487],
            [0.247826086956522, 0.523913043478261, 0.228260869565217],
            [0.0668693009118541, 0.0982776089159068, 0.834853090172239]
          ],
          "cm_std_normalized": [
            [0, 0, 0],
            [0, 0, 0],
            [0, 0, 0]
          ]
        },
        "cv_test_ens_acc": 0.772727272727273,
        "cv_test_ens_f1": 0.726439723919823,
        "cv_test_ens_confusion": {
          "cm_mean": [
            [104, 12, 12],
            [50, 89, 30],
            [18, 23, 300]
          ],
          "cm_std": [
            [0, 0, 0],
            [0, 0, 0],
            [0, 0, 0]
          ],
          "cm_mean_normalized": [
            [0.8125, 0.09375, 0.09375],
            [0.295857988165681, 0.526627218934911, 0.177514792899408],
            [0.0527859237536657, 0.0674486803519062, 0.879765395894428]
          ],
          "cm_std_normalized": [
            [0, 0, 0],
            [0, 0, 0],
            [0, 0, 0]
          ]
        },
        "full_test_acc": 0.739811912225705,
        "full_test_f1": 0.683851952156784
      },
      {
        "fusion_method": "add",
        "seed": 43,
        "cv_val_acc_folds": [0.700431034482759, 0.706638115631692, 0.760736196319019, 0.790178571428571, 0.719101123595506],
        "cv_val_f1_folds": [0.677908313146984, 0.669258495260021, 0.710395942926331, 0.755819312447123, 0.683494741504484],
        "cv_test_acc_folds": [0.780564263322884, 0.752351097178683, 0.735109717868339, 0.730407523510972, 0.774294670846395],
        "cv_test_f1_folds": [0.743922664233604, 0.69837354201352, 0.666641536700245, 0.664985505705197, 0.724769926913323],
        "cv_val_f1_mean": 0.699375361056989,
        "cv_val_f1_std": 0.0350978158225166,
        "cv_test_f1_mean": 0.699738635113178,
        "cv_test_f1_std": 0.0349422931584085,
        "cv_val_confusion": {
          "cm_mean": [
            [130.4, 27.4, 15.4],
            [22.2, 49.2, 20.6],
            [14, 22.8, 160.6]
          ],
          "cm_std": [
            [13.6124942607885, 9.6850400102426, 7.12741187248219],
            [7.56306816047561, 5.67450438364444, 3.36154726279432],
            [5.19615242270663, 12.1737422348266, 14.6047937335657]
          ],
          "cm_mean_normalized": [
            [0.752886836027714, 0.158198614318707, 0.0889145496535797],
            [0.241304347826087, 0.534782608695652, 0.223913043478261],
            [0.0709219858156028, 0.115501519756839, 0.813576494427558]
          ],
          "cm_std_normalized": [
            [0.0785940777181784, 0.0559182448628326, 0.0411513387556708],
            [0.0822072626138654, 0.0616793954743961, 0.0365385572042861],
            [0.0263229606013507, 0.0616704267215125, 0.0739857838579823]
          ]
        },
        "cv_val_oof_ens_acc": 0.735408560311284,
        "cv_val_oof_ens_f1": 0.698948436548205,
        "cv_val_oof_ens_confusion": {
          "cm_mean": [
            [652, 137, 77],
            [111, 246, 103],
            [70, 114, 803]
          ],
          "cm_std": [
            [0, 0, 0],
            [0, 0, 0],
            [0, 0, 0]
          ],
          "cm_mean_normalized": [
            [0.752886836027714, 0.158198614318707, 0.0889145496535797],
            [0.241304347826087, 0.534782608695652, 0.223913043478261],
            [0.0709219858156028, 0.115501519756839, 0.813576494427558]
          ],
          "cm_std_normalized": [
            [0, 0, 0],
            [0, 0, 0],
            [0, 0, 0]
          ]
        },
        "cv_test_ens_acc": 0.774294670846395,
        "cv_test_ens_f1": 0.726690136103092,
        "cv_test_ens_confusion": {
          "cm_mean": [
            [103, 15, 10],
            [53, 91, 25],
            [20, 21, 300]
          ],
          "cm_std": [
            [0, 0, 0],
            [0, 0, 0],
            [0, 0, 0]
          ],
          "cm_mean_normalized": [
            [0.8046875, 0.1171875, 0.078125],
            [0.313609467455621, 0.538461538461538, 0.14792899408284],
            [0.0586510263929619, 0.06158357771261, 0.879765395894428]
          ],
          "cm_std_normalized": [
            [0, 0, 0],
            [0, 0, 0],
            [0, 0, 0]
          ]
        },
        "full_test_acc": 0.755485893416928,
        "full_test_f1": 0.702529620131023
      },
      {
        "fusion_method": "add",
        "seed": 44,
        "cv_val_acc_folds": [0.745689655172414, 0.751605995717345, 0.750511247443763, 0.792410714285714, 0.696629213483146],
        "cv_val_f1_folds": [0.710239070456259, 0.711320991649727, 0.697461481383989, 0.762427445484017, 0.660939785439441],
        "cv_test_acc_folds": [0.755485893416928, 0.753918495297806, 0.736677115987461, 0.747648902821317, 0.702194357366771],
        "cv_test_f1_folds": [0.697054610739373, 0.69641773241979, 0.676056196910269, 0.689032827023322, 0.661460770591742],
        "cv_val_f1_mean": 0.708477754882687,
        "cv_val_f1_std": 0.0364107544704429,
        "cv_test_f1_mean": 0.684004427536899,
        "cv_test_f1_std": 0.0151745927431662,
        "cv_val_confusion": {
          "cm_mean": [
            [144.4, 15.6, 13.2],
            [27, 46.2, 18.8],
            [20.6, 21.6, 155.2]
          ],
          "cm_std": [
            [9.12688336728371, 5.45893762558247, 7.52994023880668],
            [6.6332495807108, 3.11448230047949, 9.44457516249408],
            [4.50555213042752, 18.3521115951271, 24.6515719579908]
          ],
          "cm_mean_normalized": [
            [0.833718244803695, 0.0900692840646651, 0.0762124711316397],
            [0.293478260869565, 0.502173913043478, 0.204347826086957],
            [0.10435663627153, 0.109422492401216, 0.786220871327254]
          ],
          "cm_std_normalized": [
            [0.0526956314508297, 0.0315181156211459, 0.0434754055358353],
            [0.0721005389207696, 0.0338530684834727, 0.102658425679283],
            [0.0228244788775457, 0.0929691570168548, 0.124881316909781]
          ]
        },
        "cv_val_oof_ens_acc": 0.747514051015997,
        "cv_val_oof_ens_f1": 0.708222579957379,
        "cv_val_oof_ens_confusion": {
          "cm_mean": [
            [722, 78, 66],
            [135, 231, 94],
            [103, 108, 776]
          ],
          "cm_std": [
            [0, 0, 0],
            [0, 0, 0],
            [0, 0, 0]
          ],
          "cm_mean_normalized": [
            [0.833718244803695, 0.0900692840646651, 0.0762124711316397],
            [0.293478260869565, 0.502173913043478, 0.204347826086957],
            [0.10435663627153, 0.109422492401216, 0.786220871327254]
          ],
          "cm_std_normalized": [
            [0, 0, 0],
            [0, 0, 0],
            [0, 0, 0]
          ]
        },
        "cv_test_ens_acc": 0.747648902821317,
        "cv_test_ens_f1": 0.691467714894739,
        "cv_test_ens_confusion": {
          "cm_mean": [
            [115, 7, 6],
            [73, 71, 25],
            [30, 20, 291]
          ],
          "cm_std": [
            [0, 0, 0],
            [0, 0, 0],
            [0, 0, 0]
          ],
          "cm_mean_normalized": [
            [0.8984375, 0.0546875, 0.046875],
            [0.431952662721894, 0.420118343195266, 0.14792899408284],
            [0.0879765395894428, 0.0586510263929619, 0.853372434017595]
          ],
          "cm_std_normalized": [
            [0, 0, 0],
            [0, 0, 0],
            [0, 0, 0]
          ]
        },
        "full_test_acc": 0.744514106583072,
        "full_test_f1": 0.685605207514
      }
    ],
    "mul": [
      {
        "fusion_method": "mul",
        "seed": 42,
        "cv_val_acc_folds": [0.730603448275862, 0.758029978586724, 0.746421267893661, 0.785714285714286, 0.757303370786517],
        "cv_val_f1_folds": [0.697969215548195, 0.720971656588095, 0.70559542791029, 0.744355126871258, 0.69761697181052],
        "cv_test_acc_folds": [0.741379310344828, 0.731974921630094, 0.752351097178683, 0.731974921630094, 0.731974921630094],
        "cv_test_f1_folds": [0.692981856448638, 0.683585790221603, 0.6960130106813, 0.656456863735345, 0.657490234203408],
        "cv_val_f1_mean": 0.713301679745672,
        "cv_val_f1_std": 0.0197713553017563,
        "cv_test_f1_mean": 0.677305551058059,
        "cv_test_f1_std": 0.0191211371611087,
        "cv_val_confusion": {
          "cm_mean": [
            [138.4, 18.8, 16],
            [23.6, 45.6, 22.8],
            [14.6, 17.4, 165.4]
          ],
          "cm_std": [
            [8.87693640846886, 9.65401470891774, 6.44204936336256],
            [5.45893762558247, 7.23187389270582, 6.09918027279076],
            [3.78153408023781, 8.47348806572594, 11.2827301660547]
          ],
          "cm_mean_normalized": [
            [0.799076212471132, 0.108545034642032, 0.092378752886836],
