{
  "benchmark_type": "kfold_plus_full_multiseed",
  "methods": [
    "sent",
    "term",
    "concat",
    "add",
    "mul",
    "cross",
    "gated_concat",
    "bilinear",
    "coattn",
    "late_interaction"
  ],
  "seeds": [42, 43, 44],
  "k_folds": 5,
  "config": {
    "model_name": "roberta-base",
    "fusion_method": "concat",
    "epochs": 10,
    "train_batch_size": 16,
    "eval_batch_size": 32,
    "lr": 0.00002,
    "warmup_ratio": 0.1,
    "dropout": 0.1,
    "freeze_epochs": 3,
    "rolling_k": 3,
    "early_stop_patience": 5,
    "k_folds": 5,
    "seed": 42,
    "max_len_sent": 24,
    "max_len_term": 4,
    "output_dir": "/kaggle/working/A-MoE-ASC/saved_model",
    "output_name": "phase1_locked_baseline",
    "verbose_report": false,
    "train_full_only": false,
    "head_type": "linear",
    "do_ensemble_logits": true,
    "loss_type": "ce",
    "class_weights": "",
    "focal_gamma": 2
  },
  "runs": {
    "sent": [
      {
        "fusion_method": "sent",
        "seed": 42,
        "cv_val_f1_folds": [0.713894116969305, 0.794091354849932, 0.7495978006313, 0.722137991706272, 0.729601179258343],
        "cv_test_f1_folds": [0.710226232952848, 0.704749448304604, 0.727146910558364, 0.720341435583782, 0.72410047936692],
        "cv_val_f1_mean": 0.74186448868303,
        "cv_val_f1_std": 0.0320519687309857,
        "cv_test_f1_mean": 0.717312901353304,
        "cv_test_f1_std": 0.0094869936419052,
        "cv_val_confusion": {
          "cm_mean": [
            [127.4, 15.6, 10.4],
            [17.8, 45.8, 17],
            [11.8, 18.4, 145.2]
          ],
          "cm_std": [
            [4.03732584763727, 2.19089023002066, 2.30217288664427],
            [3.27108544675923, 5.3103672189407, 4.18330013267038],
            [4.43846820423443, 6.18869937870632, 8.43800924389159]
          ],
          "cm_mean_normalized": [
            [0.830508474576271, 0.101694915254237, 0.0677966101694915],
            [0.220843672456576, 0.568238213399504, 0.210918114143921],
            [0.0672748004561004, 0.104903078677309, 0.827822120866591]
          ],
          "cm_std_normalized": [
            [0.0263189429441804, 0.0142822048893133, 0.0150076459364033],
            [0.0405841866843576, 0.06588544936651, 0.051901986757697],
            [0.0253048358280184, 0.035283348795361, 0.0481072362821642]
          ]
        },
        "cv_val_oof_ens_acc": 0.777723497801661,
        "cv_val_oof_ens_f1": 0.742143788827493,
        "cv_val_oof_ens_confusion": {
          "cm_mean": [
            [637, 78, 52],
            [89, 229, 85],
            [59, 92, 726]
          ],
          "cm_std": [
            [0, 0, 0],
            [0, 0, 0],
            [0, 0, 0]
          ],
          "cm_mean_normalized": [
            [0.830508474576271, 0.101694915254237, 0.0677966101694915],
            [0.220843672456576, 0.568238213399504, 0.210918114143921],
            [0.0672748004561004, 0.104903078677309, 0.827822120866591]
          ],
          "cm_std_normalized": [
            [0, 0, 0],
            [0, 0, 0],
            [0, 0, 0]
          ]
        },
        "cv_test_ens_acc": 0.772870662460568,
        "cv_test_ens_f1": 0.721437056618731,
        "cv_test_ens_confusion": {
          "cm_mean": [
            [106, 10, 10],
            [49, 79, 39],
            [15, 21, 305]
          ],
          "cm_std": [
            [0, 0, 0],
            [0, 0, 0],
            [0, 0, 0]
          ],
          "cm_mean_normalized": [
            [0.841269841269841, 0.0793650793650794, 0.0793650793650794],
            [0.293413173652695, 0.473053892215569, 0.233532934131737],
            [0.0439882697947214, 0.06158357771261, 0.894428152492669]
          ],
          "cm_std_normalized": [
            [0, 0, 0],
            [0, 0, 0],
            [0, 0, 0]
          ]
        },
        "full_test_acc": 0.77602523659306,
        "full_test_f1": 0.730114197495356
      },
      {
        "fusion_method": "sent",
        "seed": 43,
        "cv_val_f1_folds": [0.753946008338613, 0.733285417762269, 0.726023408653139, 0.746300160270949, 0.766433731612303],
        "cv_test_f1_folds": [0.73973720375072, 0.728701055715582, 0.711077177177323, 0.721486562293656, 0.717866259987402],
        "cv_val_f1_mean": 0.745197745327454,
        "cv_val_f1_std": 0.0161111240516499,
        "cv_test_f1_mean": 0.723773651784937,
        "cv_test_f1_std": 0.0109595030055254,
        "cv_val_confusion": {
          "cm_mean": [
            [124, 16.8, 12.6],
            [17.2, 47.4, 16],
            [11.4, 17, 147]
          ],
          "cm_std": [
            [5.70087712549569, 8.31865373723417, 5.02991053598372],
            [4.43846820423443, 2.40831891575846, 4],
            [2.40831891575846, 4.89897948556636, 6.16441400296898]
          ],
          "cm_mean_normalized": [
            [0.808344198174707, 0.109517601043025, 0.0821382007822686],
            [0.213399503722084, 0.588089330024814, 0.198511166253102],
            [0.0649942987457241, 0.096921322690992, 0.838084378563284]
          ],
          "cm_std_normalized": [
            [0.0371634753943656, 0.0542285119767547, 0.0327895080572602],
            [0.0550678437249929, 0.0298798872922886, 0.0496277915632754],
            [0.0137304385162968, 0.027930327739831, 0.0351448916930956]
          ]
        },
        "cv_val_oof_ens_acc": 0.777723497801661,
        "cv_val_oof_ens_f1": 0.744657627664972,
        "cv_val_oof_ens_confusion": {
          "cm_mean": [
            [620, 84, 63],
            [86, 237, 80],
            [57, 85, 735]
          ],
          "cm_std": [
            [0, 0, 0],
            [0, 0, 0],
            [0, 0, 0]
          ],
          "cm_mean_normalized": [
            [0.808344198174707, 0.109517601043025, 0.0821382007822686],
            [0.213399503722084, 0.588089330024814, 0.198511166253102],
            [0.0649942987457241, 0.096921322690992, 0.838084378563284]
          ],
          "cm_std_normalized": [
            [0, 0, 0],
            [0, 0, 0],
            [0, 0, 0]
          ]
        },
        "cv_test_ens_acc": 0.787066246056782,
        "cv_test_ens_f1": 0.743298320325972,
        "cv_test_ens_confusion": {
          "cm_mean": [
            [108, 8, 10],
            [42, 86, 39],
            [15, 21, 305]
          ],
          "cm_std": [
            [0, 0, 0],
            [0, 0, 0],
            [0, 0, 0]
          ],
          "cm_mean_normalized": [
            [0.857142857142857, 0.0634920634920635, 0.0793650793650794],
            [0.251497005988024, 0.51497005988024, 0.233532934131737],
            [0.0439882697947214, 0.06158357771261, 0.894428152492669]
          ],
          "cm_std_normalized": [
            [0, 0, 0],
            [0, 0, 0],
            [0, 0, 0]
          ]
        },
        "full_test_acc": 0.763406940063092,
        "full_test_f1": 0.70865346560185
      },
      {
        "fusion_method": "sent",
        "seed": 44,
        "cv_val_f1_folds": [0.737686119812817, 0.740352006005281, 0.744709414032564, 0.703109054688002, 0.774558248875189],
        "cv_test_f1_folds": [0.730775750226551, 0.741477304057949, 0.736128609812821, 0.729114220283169, 0.743316179906706],
        "cv_val_f1_mean": 0.740082968682771,
        "cv_val_f1_std": 0.0254108073592675,
        "cv_test_f1_mean": 0.736162412857439,
        "cv_test_f1_std": 0.00628726385197208,
        "cv_val_confusion": {
          "cm_mean": [
            [125, 15.4, 13],
            [17.2, 46, 17.4],
            [10.6, 18.4, 146.4]
          ],
          "cm_std": [
            [3.39116499156263, 2.50998007960223, 3.60555127546399],
            [1.78885438199983, 5.3851648071345, 4.09878030638384],
            [5.02991053598372, 2.30217288664427, 5.31977443130816]
          ],
          "cm_mean_normalized": [
            [0.814863102998696, 0.100391134289439, 0.0847457627118644],
            [0.213399503722084, 0.570719602977668, 0.215880893300248],
            [0.0604332953249715, 0.104903078677309, 0.83466362599772]
          ],
          "cm_std_normalized": [
            [0.0221066818224422, 0.0163623212490367, 0.0235042456027639],
            [0.0221942231017349, 0.0668134591455894, 0.0508533536772189],
            [0.0286767989508764, 0.0131252730139354, 0.0303293867235357]
          ]
        },
        "cv_val_oof_ens_acc": 0.775280898876405,
        "cv_val_oof_ens_f1": 0.740457247066493,
        "cv_val_oof_ens_confusion": {
          "cm_mean": [
            [625, 77, 65],
            [86, 230, 87],
            [53, 92, 732]
          ],
          "cm_std": [
            [0, 0, 0],
            [0, 0, 0],
            [0, 0, 0]
          ],
          "cm_mean_normalized": [
            [0.814863102998696, 0.100391134289439, 0.0847457627118644],
            [0.213399503722084, 0.570719602977667, 0.215880893300248],
            [0.0604332953249715, 0.104903078677309, 0.83466362599772]
          ],
          "cm_std_normalized": [
            [0, 0, 0],
            [0, 0, 0],
            [0, 0, 0]
          ]
        },
        "cv_test_ens_acc": 0.780757097791798,
        "cv_test_ens_f1": 0.739803732304393,
        "cv_test_ens_confusion": {
          "cm_mean": [
            [108, 9, 9],
            [43, 89, 35],
            [16, 27, 298]
          ],
          "cm_std": [
            [0, 0, 0],
            [0, 0, 0],
            [0, 0, 0]
          ],
          "cm_mean_normalized": [
            [0.857142857142857, 0.0714285714285714, 0.0714285714285714],
            [0.25748502994012, 0.532934131736527, 0.209580838323353],
            [0.0469208211143695, 0.0791788856304985, 0.873900293255132]
          ],
          "cm_std_normalized": [
            [0, 0, 0],
            [0, 0, 0],
            [0, 0, 0]
          ]
        },
        "full_test_acc": 0.76813880126183,
        "full_test_f1": 0.704842126063086
      }
    ],
    "term": [
      {
        "fusion_method": "term",
        "seed": 42,
        "cv_val_f1_folds": [0.507676026443079, 0.469308837802529, 0.505907463678879, 0.426247605034304, 0.447095693371955],
        "cv_test_f1_folds": [0.466359977487076, 0.384237679925151, 0.475847904943879, 0.446553532753735, 0.414149894688114],
        "cv_val_f1_mean": 0.471247125266149,
        "cv_val_f1_std": 0.0358483240255779,
        "cv_test_f1_mean": 0.437429797959591,
        "cv_test_f1_std": 0.0379720426289582,
        "cv_val_confusion": {
          "cm_mean": [
            [83, 15, 55.4],
            [32.4, 14, 34.2],
            [37, 11, 127.4]
          ],
          "cm_std": [
            [9.46044396421225, 8.60232526704263, 5.31977443130815],
            [7.92464510246358, 6.78232998312527, 4.14728827066554],
            [8.42614977317636, 5.95818764390649, 8.1117199162693]
          ],
          "cm_mean_normalized": [
            [0.541069100391134, 0.0977835723598435, 0.361147327249022],
            [0.401985111662531, 0.173697270471464, 0.424317617866005],
            [0.210946408209806, 0.0627137970353478, 0.726339794754846]
          ],
          "cm_std_normalized": [
            [0.0616717337953863, 0.0560777396808515, 0.0346791032027911],
            [0.0983206588394985, 0.0841480146789736, 0.0514551894623517],
            [0.0480396224240385, 0.033969142781679, 0.0462469778578637]
          ]
        },
        "cv_val_oof_ens_acc": 0.548119198827553,
        "cv_val_oof_ens_f1": 0.474782779430421,
        "cv_val_oof_ens_confusion": {
          "cm_mean": [
            [415, 75, 277],
            [162, 70, 171],
            [185, 55, 637]
          ],
          "cm_std": [
            [0, 0, 0],
            [0, 0, 0],
            [0, 0, 0]
          ],
          "cm_mean_normalized": [
            [0.541069100391134, 0.0977835723598435, 0.361147327249022],
            [0.401985111662531, 0.173697270471464, 0.424317617866005],
            [0.210946408209806, 0.0627137970353478, 0.726339794754846]
          ],
          "cm_std_normalized": [
            [0, 0, 0],
            [0, 0, 0],
            [0, 0, 0]
          ]
        },
        "cv_test_ens_acc": 0.533123028391167,
        "cv_test_ens_f1": 0.426225812992525,
        "cv_test_ens_confusion": {
          "cm_mean": [
            [51, 11, 64],
            [72, 27, 68],
            [66, 15, 260]
          ],
          "cm_std": [
            [0, 0, 0],
            [0, 0, 0],
            [0, 0, 0]
          ],
          "cm_mean_normalized": [
            [0.404761904761905, 0.0873015873015873, 0.507936507936508],
            [0.431137724550898, 0.161676646706587, 0.407185628742515],
            [0.193548387096774, 0.0439882697947214, 0.762463343108504]
          ],
          "cm_std_normalized": [
            [0, 0, 0],
            [0, 0, 0],
            [0, 0, 0]
          ]
        },
        "full_test_acc": 0.534700315457413,
        "full_test_f1": 0.453119957134072
      },
      {
        "fusion_method": "term",
        "seed": 43,
        "cv_val_f1_folds": [0.492846360872416, 0.480797399719125, 0.460375518837913, 0.53541978646132, 0.502803968981906],
        "cv_test_f1_folds": [0.444100510210147, 0.455932480876168, 0.46743259826256, 0.445902170391966, 0.477292830540037],
        "cv_val_f1_mean": 0.494448606974536,
        "cv_val_f1_std": 0.0278314013754271,
        "cv_test_f1_mean": 0.458132118056176,
        "cv_test_f1_std": 0.0141856254470526,
        "cv_val_confusion": {
          "cm_mean": [
            [87.4, 14.6, 51.4],
            [32, 17, 31.6],
            [38.8, 12.2, 124.4]
          ],
          "cm_std": [
            [6.6932802122726, 4.50555213042752, 5.68330889535313],
            [6.67083203206317, 3.93700393700591, 9.76217188949263],
            [5.84807660688538, 2.86356421265527, 6.73052746818554]
          ],
          "cm_mean_normalized": [
            [0.569752281616688, 0.0951760104302477, 0.335071707953064],
            [0.397022332506204, 0.210918114143921, 0.392059553349876],
            [0.221208665906499, 0.0695553021664766, 0.709236031927024]
          ],
          "cm_std_normalized": [
            [0.0436328566640978, 0.0293712655177805, 0.0370489497741403],
            [0.082764665410213, 0.048846202692381, 0.121118757934152],
            [0.0333413717610341, 0.0163259077118316, 0.0383724485073292]
          ]
        },
        "cv_val_oof_ens_acc": 0.558866634098681,
        "cv_val_oof_ens_f1": 0.494745086752745,
        "cv_val_oof_ens_confusion": {
          "cm_mean": [
            [437, 73, 257],
            [160, 85, 158],
            [194, 61, 622]
          ],
          "cm_std": [
            [0, 0, 0],
            [0, 0, 0],
            [0, 0, 0]
          ],
          "cm_mean_normalized": [
            [0.569752281616688, 0.0951760104302477, 0.335071707953064],
            [0.397022332506204, 0.210918114143921, 0.392059553349876],
            [0.221208665906499, 0.0695553021664766, 0.709236031927024]
          ],
          "cm_std_normalized": [
            [0, 0, 0],
            [0, 0, 0],
            [0, 0, 0]
          ]
        },
        "cv_test_ens_acc": 0.539432176656151,
        "cv_test_ens_f1": 0.44381650306815,
        "cv_test_ens_confusion": {
          "cm_mean": [
            [55, 19, 52],
            [73, 32, 62],
            [71, 15, 255]
          ],
          "cm_std": [
            [0, 0, 0],
            [0, 0, 0],
            [0, 0, 0]
          ],
          "cm_mean_normalized": [
            [0.436507936507937, 0.150793650793651, 0.412698412698413],
            [0.437125748502994, 0.191616766467066, 0.37125748502994],
            [0.208211143695015, 0.0439882697947214, 0.747800586510264]
          ],
          "cm_std_normalized": [
            [0, 0, 0],
            [0, 0, 0],
            [0, 0, 0]
          ]
        },
        "full_test_acc": 0.548895899053628,
        "full_test_f1": 0.469118946323263
      },
      {
        "fusion_method": "term",
        "seed": 44,
        "cv_val_f1_folds": [0.485154961926468, 0.457001348658113, 0.499476255919902, 0.486671058410189, 0.438452299964022],
        "cv_test_f1_folds": [0.434620583107564, 0.455442842733403, 0.466723869646412, 0.435028493628063, 0.413179145212571],
        "cv_val_f1_mean": 0.473351184975739,
        "cv_val_f1_std": 0.0249224639287734,
        "cv_test_f1_mean": 0.440998986865603,
        "cv_test_f1_std": 0.0207404735964248,
        "cv_val_confusion": {
          "cm_mean": [
            [88.6, 14.6, 50.2],
            [36.2, 14.4, 30],
            [44.4, 11.4, 119.6]
          ],
          "cm_std": [
            [11.0589330407594, 7.92464510246358, 10.5688220724923],
            [7.59605160593318, 4.15932686861708, 5.33853912601566],
            [3.286335345031, 2.60768096208106, 3.78153408023781]
          ],
          "cm_mean_normalized": [
            [0.577574967405476, 0.0951760104302477, 0.327249022164277],
            [0.449131513647643, 0.178660049627792, 0.372208436724566],
            [0.253135689851767, 0.0649942987457241, 0.681870011402509]
          ],
          "cm_std_normalized": [
            [0.0720921319475841, 0.0516600071868552, 0.0688971451922574],
            [0.0942438164507839, 0.0516045517198149, 0.0662349767495739],
            [0.0187362334380331, 0.0148670522353538, 0.0215594873445713]
          ]
        },
        "cv_val_oof_ens_acc": 0.543722520762091,
        "cv_val_oof_ens_f1": 0.474943408051693,
        "cv_val_oof_ens_confusion": {
          "cm_mean": [
            [443, 73, 251],
            [181, 72, 150],
            [222, 57, 598]
          ],
          "cm_std": [
            [0, 0, 0],
            [0, 0, 0],
            [0, 0, 0]
          ],
          "cm_mean_normalized": [
            [0.577574967405476, 0.0951760104302477, 0.327249022164276],
            [0.449131513647643, 0.178660049627792, 0.372208436724566],
            [0.253135689851767, 0.0649942987457241, 0.681870011402509]
          ],
          "cm_std_normalized": [
            [0, 0, 0],
            [0, 0, 0],
            [0, 0, 0]
          ]
        },
        "cv_test_ens_acc": 0.533123028391167,
        "cv_test_ens_f1": 0.445826065520463,
        "cv_test_ens_confusion": {
          "cm_mean": [
            [60, 9, 57],
            [76, 32, 59],
            [79, 16, 246]
          ],
          "cm_std": [
            [0, 0, 0],
            [0, 0, 0],
            [0, 0, 0]
          ],
          "cm_mean_normalized": [
            [0.476190476190476, 0.0714285714285714, 0.452380952380952],
            [0.455089820359281, 0.191616766467066, 0.353293413173653],
            [0.231671554252199, 0.0469208211143695, 0.721407624633431]
          ],
          "cm_std_normalized": [
            [0, 0, 0],
            [0, 0, 0],
            [0, 0, 0]
          ]
        },
        "full_test_acc": 0.547318611987382,
        "full_test_f1": 0.480724797784622
      }
    ],
    "concat": [
      {
        "fusion_method": "concat",
        "seed": 42,
        "cv_val_f1_folds": [0.723608375149959, 0.777816727886076, 0.76201657378128, 0.73455496549068, 0.769282891022021],
        "cv_test_f1_folds": [0.726715713559451, 0.721859656003951, 0.752955085552461, 0.719560640339848, 0.69537250815356],
        "cv_val_f1_mean": 0.753455906666003,
        "cv_val_f1_std": 0.0232666541465187,
        "cv_test_f1_mean": 0.723292720721854,
        "cv_test_f1_std": 0.0205371196594875,
        "cv_val_confusion": {
          "cm_mean": [
            [125.8, 15, 12.6],
            [16.4, 49.2, 15],
            [11, 18, 146.4]
          ],
          "cm_std": [
            [5.84807660688538, 4.52769256906871, 3.78153408023781],
            [4.39317652729776, 7.72657750883274, 5.87367006223537],
            [3.87298334620742, 5.19615242270663, 7.89303490426845]
          ],
          "cm_mean_normalized": [
            [0.820078226857888, 0.0977835723598435, 0.0821382007822686],
            [0.203473945409429, 0.610421836228288, 0.186104218362283],
            [0.0627137970353478, 0.102622576966933, 0.83466362599772]
          ],
          "cm_std_normalized": [
            [0.0381230548036856, 0.0295155969300437, 0.0246514607577432],
            [0.0545059122493519, 0.0958632445264608, 0.0728743183900169],
            [0.0220808628632122, 0.0296245862183958, 0.0450001989981097]
          ]
        },
        "cv_val_oof_ens_acc": 0.78505129457743,
        "cv_val_oof_ens_f1": 0.754347931646,
        "cv_val_oof_ens_confusion": {
          "cm_mean": [
            [629, 75, 63],
            [82, 246, 75],
            [55, 90, 732]
          ],
          "cm_std": [
            [0, 0, 0],
            [0, 0, 0],
            [0, 0, 0]
          ],
          "cm_mean_normalized": [
            [0.820078226857888, 0.0977835723598435, 0.0821382007822686],
            [0.203473945409429, 0.610421836228288, 0.186104218362283],
            [0.0627137970353478, 0.102622576966933, 0.83466362599772]
          ],
          "cm_std_normalized": [
            [0, 0, 0],
            [0, 0, 0],
            [0, 0, 0]
          ]
        },
        "cv_test_ens_acc": 0.782334384858044,
        "cv_test_ens_f1": 0.738079150731219,
        "cv_test_ens_confusion": {
          "cm_mean": [
            [109, 9, 8],
            [46, 86, 35],
            [16, 24, 301]
          ],
          "cm_std": [
            [0, 0, 0],
            [0, 0, 0],
            [0, 0, 0]
          ],
          "cm_mean_normalized": [
            [0.865079365079365, 0.0714285714285714, 0.0634920634920635],
            [0.275449101796407, 0.51497005988024, 0.209580838323353],
            [0.0469208211143695, 0.0703812316715543, 0.882697947214076]
          ],
          "cm_std_normalized": [
            [0, 0, 0],
            [0, 0, 0],
            [0, 0, 0]
          ]
        },
        "full_test_acc": 0.788643533123028,
        "full_test_f1": 0.742645733204349
      },
      {
        "fusion_method": "concat",
        "seed": 43,
        "cv_val_f1_folds": [0.747780891625042, 0.73795514519111, 0.745567790012235, 0.777507979712139, 0.765732625338537],
        "cv_test_f1_folds": [0.714044932345865, 0.708023435813146, 0.723929409050516, 0.712037327319895, 0.706436435487415],
        "cv_val_f1_mean": 0.754908886375813,
        "cv_val_f1_std": 0.0162278008010615,
        "cv_test_f1_mean": 0.712894308003368,
        "cv_test_f1_std": 0.00687861397223208,
        "cv_val_confusion": {
          "cm_mean": [
            [128, 14, 11.4],
            [19.2, 45.8, 15.6],
            [11.6, 14, 149.8]
          ],
          "cm_std": [
            [4.58257569495584, 5.33853912601566, 3.04959013639538],
            [4.14728827066554, 1.6431676725155, 3.78153408023781],
            [1.8165902124585, 4.18330013267038, 4.76445169982864]
          ],
          "cm_mean_normalized": [
            [0.834419817470665, 0.091264667535854, 0.0743155149934811],
            [0.238213399503722, 0.568238213399504, 0.193548387096774],
            [0.0661345496009122, 0.0798175598631699, 0.854047890535918]
          ],
          "cm_std_normalized": [
            [0.029873374804145, 0.0348014284616405, 0.0198799878513389],
            [0.0514551894623517, 0.0203866956887779, 0.0469172962808661],
            [0.010356842716411, 0.0238500577689303, 0.027163350626161]
          ]
        },
        "cv_val_oof_ens_acc": 0.790425012212995,
        "cv_val_oof_ens_f1": 0.75463482481714,
        "cv_val_oof_ens_confusion": {
          "cm_mean": [
            [640, 70, 57],
            [96, 229, 78],
            [58, 70, 749]
          ],
          "cm_std": [
            [0, 0, 0],
            [0, 0, 0],
            [0, 0, 0]
          ],
          "cm_mean_normalized": [
            [0.834419817470665, 0.091264667535854, 0.0743155149934811],
            [0.238213399503722, 0.568238213399504, 0.193548387096774],
            [0.0661345496009122, 0.0798175598631699, 0.854047890535918]
          ],
          "cm_std_normalized": [
            [0, 0, 0],
            [0, 0, 0],
            [0, 0, 0]
          ]
        },
        "cv_test_ens_acc": 0.769716088328076,
        "cv_test_ens_f1": 0.717593776012011,
        "cv_test_ens_confusion": {
          "cm_mean": [
            [110, 6, 10],
            [47, 73, 47],
            [15, 21, 305]
          ],
          "cm_std": [
            [0, 0, 0],
            [0, 0, 0],
            [0, 0, 0]
          ],
          "cm_mean_normalized": [
            [0.873015873015873, 0.0476190476190476, 0.0793650793650794],
            [0.281437125748503, 0.437125748502994, 0.281437125748503],
            [0.0439882697947214, 0.06158357771261, 0.894428152492669]
          ],
          "cm_std_normalized": [
            [0, 0, 0],
            [0, 0, 0],
            [0, 0, 0]
          ]
        },
        "full_test_acc": 0.760252365930599,
        "full_test_f1": 0.703671165207053
      },
      {
        "fusion_method": "concat",
        "seed": 44,
        "cv_val_f1_folds": [0.749704924704925, 0.772938970352202, 0.750441158041111, 0.736125937888728, 0.748119203088147],
        "cv_test_f1_folds": [0.742926311679529, 0.733964081179884, 0.744118723986376, 0.731655680476007, 0.7060773279035],
        "cv_val_f1_mean": 0.751466038815023,
        "cv_val_f1_std": 0.0133394030799876,
        "cv_test_f1_mean": 0.731748425045059,
        "cv_test_f1_std": 0.015345132840944,
        "cv_val_confusion": {
          "cm_mean": [
            [124.8, 15, 13.6],
            [16.6, 47, 17],
            [11.6, 14.2, 149.6]
          ],
          "cm_std": [
            [4.7116875957559, 4.94974746830583, 3.84707681233427],
            [2.70185121722126, 4.89897948556636, 2.82842712474619],
            [5.31977443130816, 3.27108544675923, 7.63544366752843]
          ],
          "cm_mean_normalized": [
            [0.813559322033898, 0.0977835723598435, 0.0886571056062581],
            [0.205955334987593, 0.583126550868486, 0.210918114143921],
            [0.0661345496009122, 0.080957810718358, 0.85290763968073]
          ],
          "cm_std_normalized": [
            [0.0307150429971049, 0.0322669326486691, 0.0250787275901843],
            [0.0335217272608097, 0.0607813831956124, 0.0350921479497046],
            [0.0303293867235357, 0.0186492898903035, 0.0435316058582009]
          ]
        },
        "cv_val_oof_ens_acc": 0.78505129457743,
        "cv_val_oof_ens_f1": 0.751835343828944,
        "cv_val_oof_ens_confusion": {
          "cm_mean": [
            [624, 75, 68],
            [83, 235, 85],
            [58, 71, 748]
          ],
          "cm_std": [
            [0, 0, 0],
            [0, 0, 0],
            [0, 0, 0]
          ],
          "cm_mean_normalized": [
            [0.813559322033898, 0.0977835723598435, 0.0886571056062582],
            [0.205955334987593, 0.583126550868486, 0.210918114143921],
            [0.0661345496009122, 0.080957810718358, 0.85290763968073]
          ],
          "cm_std_normalized": [
            [0, 0, 0],
            [0, 0, 0],
            [0, 0, 0]
          ]
        },
        "cv_test_ens_acc": 0.788643533123028,
        "cv_test_ens_f1": 0.741669137929512,
        "cv_test_ens_confusion": {
          "cm_mean": [
            [110, 6, 10],
            [44, 81, 42],
            [12, 20, 309]
          ],
          "cm_std": [
            [0, 0, 0],
            [0, 0, 0],
            [0, 0, 0]
          ],
          "cm_mean_normalized": [
            [0.873015873015873, 0.0476190476190476, 0.0793650793650794],
            [0.263473053892216, 0.48502994011976, 0.251497005988024],
            [0.0351906158357771, 0.0586510263929619, 0.906158357771261]
          ],
          "cm_std_normalized": [
            [0, 0, 0],
            [0, 0, 0],
            [0, 0, 0]
          ]
        },
        "full_test_acc": 0.785488958990536,
        "full_test_f1": 0.739785169956866
      }
    ],
    "add": [
      {
        "fusion_method": "add",
        "seed": 42,
        "cv_val_f1_folds": [0.715631286926478, 0.79837743265267, 0.754832568236006, 0.727287857225431, 0.718633627341397],
        "cv_test_f1_folds": [0.738522060877041, 0.721817421387948, 0.74493536401771, 0.742573273322138, 0.697429436108392],
        "cv_val_f1_mean": 0.742952554476396,
        "cv_val_f1_std": 0.0346276495927722,
        "cv_test_f1_mean": 0.729055511142646,
        "cv_test_f1_std": 0.0198564457476539,
        "cv_val_confusion": {
          "cm_mean": [
            [125.6, 13.6, 14.2],
            [17.2, 45.6, 17.8],
            [11, 17, 147.4]
          ],
          "cm_std": [
            [3.36154726279432, 5.94138031100518, 3.42052627529741],
            [2.48997991959775, 6.8044103344816, 4.54972526643093],
            [4.18330013267038, 4.30116263352131, 7.95612971236643]
          ],
          "cm_mean_normalized": [
            [0.81877444589309, 0.0886571056062582, 0.0925684485006519],
            [0.213399503722084, 0.56575682382134, 0.220843672456576],
            [0.0627137970353478, 0.096921322690992, 0.84036488027366]
          ],
          "cm_std_normalized": [
            [0.0219136066674988, 0.0387312927705683, 0.0222980852366194],
            [0.0308930511116346, 0.0844219644476625, 0.0564482042981505],
            [0.0238500577689303, 0.0245220218558798, 0.045359918542568]
          ]
        },
        "cv_val_oof_ens_acc": 0.778212017586712,
        "cv_val_oof_ens_f1": 0.743410543003372,
        "cv_val_oof_ens_confusion": {
          "cm_mean": [
            [628, 68, 71],
            [86, 228, 89],
            [55, 85, 737]
          ],
          "cm_std": [
            [0, 0, 0],
            [0, 0, 0],
            [0, 0, 0]
          ],
          "cm_mean_normalized": [
            [0.81877444589309, 0.0886571056062582, 0.0925684485006519],
            [0.213399503722084, 0.56575682382134, 0.220843672456576],
            [0.0627137970353478, 0.096921322690992, 0.84036488027366]
          ],
          "cm_std_normalized": [
            [0, 0, 0],
            [0, 0, 0],
            [0, 0, 0]
          ]
        },
        "cv_test_ens_acc": 0.787066246056782,
        "cv_test_ens_f1": 0.740581123470174,
        "cv_test_ens_confusion": {
          "cm_mean": [
            [107, 7, 12],
            [45, 84, 38],
            [11, 22, 308]
          ],
          "cm_std": [
            [0, 0, 0],
            [0, 0, 0],
            [0, 0, 0]
          ],
          "cm_mean_normalized": [
            [0.849206349206349, 0.0555555555555556, 0.0952380952380952],
            [0.269461077844311, 0.502994011976048, 0.227544910179641],
            [0.032258064516129, 0.0645161290322581, 0.903225806451613]
          ],
          "cm_std_normalized": [
            [0, 0, 0],
            [0, 0, 0],
            [0, 0, 0]
          ]
        },
        "full_test_acc": 0.761829652996846,
        "full_test_f1": 0.709996087636933
      },
      {
        "fusion_method": "add",
        "seed": 43,
        "cv_val_f1_folds": [0.758105570107751, 0.739754982522992, 0.729640551186933, 0.764902706539756, 0.762569772084366],
        "cv_test_f1_folds": [0.723290802764487, 0.705933812906115, 0.727348048447251, 0.721059136187928, 0.732743809208556],
        "cv_val_f1_mean": 0.75099471648836,
        "cv_val_f1_std": 0.0154944371779818,
        "cv_test_f1_mean": 0.722075121902867,
        "cv_test_f1_std": 0.0100582877050214,
        "cv_val_confusion": {
          "cm_mean": [
            [127.6, 15.8, 10],
            [17.4, 46.4, 16.8],
            [12.4, 15.2, 147.8]
          ],
          "cm_std": [
            [7.63544366752843, 5.26307894677631, 3.08220700148449],
            [3.57770876399966, 2.30217288664427, 3.83405790253616],
            [3.71483512420134, 3.42052627529741, 5.76194411635517]
          ],
          "cm_mean_normalized": [
            [0.831812255541069, 0.102998696219035, 0.0651890482398957],
            [0.215880893300248, 0.575682382133995, 0.208436724565757],
            [0.0706955530216648, 0.0866590649942987, 0.842645381984037]
          ],
          "cm_std_normalized": [
            [0.0497747305575517, 0.034309510735178, 0.0200926140905117],
            [0.0443884462034698, 0.0285629390402515, 0.0475689566071484],
            [0.0211792196362676, 0.0195012900530069, 0.0328503085311013]
          ]
        },
        "cv_val_oof_ens_acc": 0.786028334147533,
        "cv_val_oof_ens_f1": 0.751006673943383,
        "cv_val_oof_ens_confusion": {
          "cm_mean": [
            [638, 79, 50],
            [87, 232, 84],
            [62, 76, 739]
          ],
          "cm_std": [
            [0, 0, 0],
            [0, 0, 0],
            [0, 0, 0]
          ],
          "cm_mean_normalized": [
            [0.831812255541069, 0.102998696219035, 0.0651890482398957],
            [0.215880893300248, 0.575682382133995, 0.208436724565757],
            [0.0706955530216648, 0.0866590649942988, 0.842645381984037]
          ],
          "cm_std_normalized": [
            [0, 0, 0],
            [0, 0, 0],
            [0, 0, 0]
          ]
        },
        "cv_test_ens_acc": 0.777602523659306,
        "cv_test_ens_f1": 0.725085229630367,
        "cv_test_ens_confusion": {
          "cm_mean": [
            [112, 7, 7],
            [48, 74, 45],
            [16, 18, 307]
          ],
          "cm_std": [
            [0, 0, 0],
            [0, 0, 0],
            [0, 0, 0]
          ],
          "cm_mean_normalized": [
            [0.888888888888889, 0.0555555555555556, 0.0555555555555556],
            [0.287425149700599, 0.44311377245509, 0.269461077844311],
            [0.0469208211143695, 0.0527859237536657, 0.900293255131965]
          ],
          "cm_std_normalized": [
            [0, 0, 0],
            [0, 0, 0],
            [0, 0, 0]
          ]
        },
        "full_test_acc": 0.769716088328076,
        "full_test_f1": 0.716038205119644
      },
      {
        "fusion_method": "add",
        "seed": 44,
        "cv_val_f1_folds": [0.728720305156763, 0.741272853227312, 0.74231819080085, 0.736439068951565, 0.744561897804535],
        "cv_test_f1_folds": [0.729437721615294, 0.746847014245944, 0.743653609124638, 0.735194028794793, 0.707263337231989],
        "cv_val_f1_mean": 0.738662463188205,
        "cv_val_f1_std": 0.006300234074623,
        "cv_test_f1_mean": 0.732479142202532,
        "cv_test_f1_std": 0.0156824912462824,
        "cv_val_confusion": {
          "cm_mean": [
            [123.6, 17.4, 12.4],
            [17.8, 45.2, 17.6],
            [12, 15, 148.4]
          ],
          "cm_std": [
            [5.17687164221791, 4.39317652729776, 2.50998007960223],
            [3.89871773792359, 1.78885438199983, 2.30217288664427],
            [5.91607978309962, 4.58257569495584, 5.68330889535313]
          ],
          "cm_mean_normalized": [
            [0.805736636245111, 0.113428943937419, 0.0808344198174707],
            [0.220843672456576, 0.560794044665013, 0.218362282878412],
            [0.0684150513112885, 0.0855188141391106, 0.846066134549601]
          ],
          "cm_std_normalized": [
            [0.0337475335216292, 0.0286386996564391, 0.0163623212490367],
            [0.0483711878154291, 0.0221942231017349, 0.0285629390402515],
            [0.0337290751602031, 0.0261264292756889, 0.0324019891411239]
          ]
        },
        "cv_val_oof_ens_acc": 0.774792379091353,
        "cv_val_oof_ens_f1": 0.738685745689607,
        "cv_val_oof_ens_confusion": {
          "cm_mean": [
            [618, 87, 62],
            [89, 226, 88],
            [60, 75, 742]
          ],
          "cm_std": [
            [0, 0, 0],
            [0, 0, 0],
            [0, 0, 0]
          ],
          "cm_mean_normalized": [
            [0.805736636245111, 0.113428943937419, 0.0808344198174707],
            [0.220843672456576, 0.560794044665012, 0.218362282878412],
            [0.0684150513112885, 0.0855188141391106, 0.846066134549601]
          ],
          "cm_std_normalized": [
            [0, 0, 0],
            [0, 0, 0],
            [0, 0, 0]
          ]
        },
        "cv_test_ens_acc": 0.790220820189274,
        "cv_test_ens_f1": 0.743361046637847,
        "cv_test_ens_confusion": {
          "cm_mean": [
            [107, 8, 11],
            [47, 86, 34],
            [13, 20, 308]
          ],
          "cm_std": [
            [0, 0, 0],
            [0, 0, 0],
            [0, 0, 0]
          ],
          "cm_mean_normalized": [
            [0.849206349206349, 0.0634920634920635, 0.0873015873015873],
            [0.281437125748503, 0.51497005988024, 0.203592814371257],
            [0.0381231671554252, 0.0586510263929619, 0.903225806451613]
          ],
          "cm_std_normalized": [
            [0, 0, 0],
            [0, 0, 0],
            [0, 0, 0]
          ]
        },
        "full_test_acc": 0.785488958990536,
        "full_test_f1": 0.738320545158737
      }
    ],
    "mul": [
      {
        "fusion_method": "mul",
        "seed": 42,
        "cv_val_f1_folds": [0.699979469491665, 0.782852055814054, 0.71822748351047, 0.714219675476582, 0.735461008285281],
        "cv_test_f1_folds": [0.721646135030647, 0.705005945956484, 0.735898118865168, 0.741395367670878, 0.729925048558046],
        "cv_val_f1_mean": 0.73014793851561,
        "cv_val_f1_std": 0.0320620337190433,
        "cv_test_f1_mean": 0.726774123216245,
        "cv_test_f1_std": 0.0142048074657606,
        "cv_val_confusion": {
          "cm_mean": [
            [126.4, 13.6, 13.4],
            [18.4, 42.8, 19.4],
            [12.2, 17.2, 146]
          ],
          "cm_std": [
            [7.92464510246358, 5.94138031100518, 3.20936130717624],
            [4.03732584763727, 7.46324326281812, 7.02139587261678],
            [4.14728827066555, 6.64830805543787, 7.51664818918645]
          ],
          "cm_mean_normalized": [
            [0.823989569752282, 0.0886571056062581, 0.0873533246414602],
            [0.228287841191067, 0.531017369727047, 0.240694789081886],
            [0.0695553021664766, 0.0980615735461802, 0.832383124287343]
          ],
          "cm_std_normalized": [
            [0.0516600071868551, 0.0387312927705683, 0.0209215209072767],
            [0.0500908914098917, 0.0925960702582893, 0.087114092712367],
            [0.0236447449866907, 0.0379036947288362, 0.0428543226293412]
          ]
        },
        "cv_val_oof_ens_acc": 0.76990718124084,
        "cv_val_oof_ens_f1": 0.73131640153286,
        "cv_val_oof_ens_confusion": {
          "cm_mean": [
            [632, 68, 67],
            [92, 214, 97],
            [61, 86, 730]
          ],
          "cm_std": [
            [0, 0, 0],
            [0, 0, 0],
            [0, 0, 0]
          ],
          "cm_mean_normalized": [
            [0.823989569752282, 0.0886571056062582, 0.0873533246414602],
            [0.228287841191067, 0.531017369727047, 0.240694789081886],
            [0.0695553021664766, 0.0980615735461802, 0.832383124287343]
          ],
          "cm_std_normalized": [
