{
  "benchmark_type": "kfold_plus_full_multiseed",
  "methods": [
    "sent",
    "term",
    "concat",
    "add",
    "mul",
    "cross",
    "gated_concat",
    "bilinear",
    "coattn",
    "late_interaction"
  ],
  "seeds": [42, 43, 44],
  "k_folds": 5,
  "config": {
    "model_name": "roberta-base",
    "fusion_method": "concat",
    "epochs": 10,
    "train_batch_size": 16,
    "eval_batch_size": 32,
    "lr": 0.00002,
    "warmup_ratio": 0.1,
    "dropout": 0.1,
    "freeze_epochs": 3,
    "rolling_k": 3,
    "early_stop_patience": 5,
    "k_folds": 5,
    "seed": 42,
    "max_len_sent": 24,
    "max_len_term": 4,
    "output_dir": "/kaggle/working/A-MoE-ASC/saved_model",
    "output_name": "phase1_locked_baseline",
    "verbose_report": false,
    "train_full_only": false,
    "head_type": "linear",
    "do_ensemble_logits": true,
    "loss_type": "focal",
    "class_weights": "1.0,2.5,1.0",
    "focal_gamma": 2
  },
  "runs": {
    "sent": [
      {
        "fusion_method": "sent",
        "seed": 42,
        "cv_val_f1_folds": [0.698122413175138, 0.794522374393128, 0.744080023579692, 0.704544872718536, 0.73909486745899],
        "cv_test_f1_folds": [0.768039945832406, 0.730472971629318, 0.753909860557593, 0.730838168582314, 0.73850632568483],
        "cv_val_f1_mean": 0.736072910265097,
        "cv_val_f1_std": 0.0384832539121915,
        "cv_test_f1_mean": 0.744353454457292,
        "cv_test_f1_std": 0.0162933609325935,
        "cv_val_confusion": {
          "cm_mean": [
            [118.4, 24.8, 10.2],
            [14.6, 55.6, 10.4],
            [10.6, 27.8, 137]
          ],
          "cm_std": [
            [8.67755725996666, 8.4970583144992, 0.836660026534076],
            [4.82700735445887, 7.3348483283569, 4.33589667773576],
            [3.78153408023781, 9.1214034007931, 10.5356537528527]
          ],
          "cm_mean_normalized": [
            [0.771838331160365, 0.161668839634941, 0.0664928292046936],
            [0.181141439205955, 0.689826302729529, 0.129032258064516],
            [0.0604332953249715, 0.158494868871152, 0.781071835803877]
          ],
          "cm_std_normalized": [
            [0.0565681698824423, 0.0553915144361095, 0.00545410708301223],
            [0.0598884287153706, 0.0910030809969839, 0.0537952441406422],
            [0.0215594873445713, 0.0520034401413518, 0.0600664410082824]
          ]
        },
        "cv_val_oof_ens_acc": 0.759648265754763,
        "cv_val_oof_ens_f1": 0.736370756992226,
        "cv_val_oof_ens_confusion": {
          "cm_mean": [
            [592, 124, 51],
            [73, 278, 52],
            [53, 139, 685]
          ],
          "cm_std": [
            [0, 0, 0],
            [0, 0, 0],
            [0, 0, 0]
          ],
          "cm_mean_normalized": [
            [0.771838331160365, 0.161668839634941, 0.0664928292046936],
            [0.181141439205955, 0.689826302729529, 0.129032258064516],
            [0.0604332953249715, 0.158494868871152, 0.781071835803877]
          ],
          "cm_std_normalized": [
            [0, 0, 0],
            [0, 0, 0],
            [0, 0, 0]
          ]
        },
        "cv_test_ens_acc": 0.793375394321767,
        "cv_test_ens_f1": 0.757384153049818,
        "cv_test_ens_confusion": {
          "cm_mean": [
            [100, 17, 9],
            [33, 104, 30],
            [13, 29, 299]
          ],
          "cm_std": [
            [0, 0, 0],
            [0, 0, 0],
            [0, 0, 0]
          ],
          "cm_mean_normalized": [
            [0.793650793650794, 0.134920634920635, 0.0714285714285714],
            [0.197604790419162, 0.622754491017964, 0.179640718562874],
            [0.0381231671554252, 0.0850439882697947, 0.87683284457478]
          ],
          "cm_std_normalized": [
            [0, 0, 0],
            [0, 0, 0],
            [0, 0, 0]
          ]
        },
        "full_test_acc": 0.793375394321767,
        "full_test_f1": 0.756441289843733
      },
      {
        "fusion_method": "sent",
        "seed": 43,
        "cv_val_f1_folds": [0.751298039662022, 0.731796291405412, 0.728912284295519, 0.758828292982603, 0.770399555219688],
        "cv_test_f1_folds": [0.747315903802627, 0.726101745567095, 0.741541447151576, 0.727590132120581, 0.746007683715325],
        "cv_val_f1_mean": 0.748246892713049,
        "cv_val_f1_std": 0.017723327506029,
        "cv_test_f1_mean": 0.737711382471441,
        "cv_test_f1_std": 0.0101608097302827,
        "cv_val_confusion": {
          "cm_mean": [
            [120.8, 22, 10.6],
            [14.8, 53.6, 12.2],
            [11, 21.8, 142.6]
          ],
          "cm_std": [
            [5.44977063737549, 6.74536878161602, 3.04959013639538],
            [3.96232255123179, 3.78153408023781, 5.26307894677631],
            [3.93700393700591, 2.77488738510232, 4.39317652729776]
          ],
          "cm_mean_normalized": [
            [0.78748370273794, 0.143415906127771, 0.0691003911342894],
            [0.183622828784119, 0.665012406947891, 0.15136476426799],
            [0.0627137970353478, 0.124287343215507, 0.812998859749145]
          ],
          "cm_std_normalized": [
            [0.0355265360976238, 0.0439724170900653, 0.0198799878513389],
            [0.0491603294197493, 0.0469172962808661, 0.0652987462379194],
            [0.0224458605302503, 0.0158203385695685, 0.0250466164612187]
          ]
        },
        "cv_val_oof_ens_acc": 0.774303859306302,
        "cv_val_oof_ens_f1": 0.748144994812822,
        "cv_val_oof_ens_confusion": {
          "cm_mean": [
            [604, 110, 53],
            [74, 268, 61],
            [55, 109, 713]
          ],
          "cm_std": [
            [0, 0, 0],
            [0, 0, 0],
            [0, 0, 0]
          ],
          "cm_mean_normalized": [
            [0.78748370273794, 0.143415906127771, 0.0691003911342894],
            [0.183622828784119, 0.665012406947891, 0.15136476426799],
            [0.0627137970353478, 0.124287343215507, 0.812998859749145]
          ],
          "cm_std_normalized": [
            [0, 0, 0],
            [0, 0, 0],
            [0, 0, 0]
          ]
        },
        "cv_test_ens_acc": 0.788643533123028,
        "cv_test_ens_f1": 0.748693532155759,
        "cv_test_ens_confusion": {
          "cm_mean": [
            [103, 13, 10],
            [40, 96, 31],
            [12, 28, 301]
          ],
          "cm_std": [
            [0, 0, 0],
            [0, 0, 0],
            [0, 0, 0]
          ],
          "cm_mean_normalized": [
            [0.817460317460317, 0.103174603174603, 0.0793650793650794],
            [0.239520958083832, 0.574850299401198, 0.18562874251497],
            [0.0351906158357771, 0.0821114369501466, 0.882697947214076]
          ],
          "cm_std_normalized": [
            [0, 0, 0],
            [0, 0, 0],
            [0, 0, 0]
          ]
        },
        "full_test_acc": 0.77602523659306,
        "full_test_f1": 0.73798779948011
      },
      {
        "fusion_method": "sent",
        "seed": 44,
        "cv_val_f1_folds": [0.72578751144152, 0.738176075132597, 0.726520986032178, 0.716221785609342, 0.751031057699248],
        "cv_test_f1_folds": [0.729392472203034, 0.745369472529558, 0.72659202460527, 0.735154612960837, 0.740423984399546],
        "cv_val_f1_mean": 0.731547483182977,
        "cv_val_f1_std": 0.0133871940801046,
        "cv_test_f1_mean": 0.735386513339649,
        "cv_test_f1_std": 0.00771947096469279,
        "cv_val_confusion": {
          "cm_mean": [
            [117.8, 23.2, 12.4],
            [15, 52.6, 13],
            [11.2, 24.4, 139.8]
          ],
          "cm_std": [
            [3.70135110466435, 2.16794833886788, 3.78153408023781],
            [1.4142135623731, 3.84707681233427, 4.35889894354067],
            [6.37965516309463, 3.20936130717624, 8.19756061276768]
          ],
          "cm_mean_normalized": [
            [0.767926988265971, 0.151238591916558, 0.0808344198174707],
            [0.186104218362283, 0.652605459057072, 0.161290322580645],
            [0.0638540478905359, 0.139110604332953, 0.797035347776511]
          ],
          "cm_std_normalized": [
            [0.0241287555714755, 0.014132648884406, 0.0246514607577432],
            [0.0175460739748523, 0.0477304815426088, 0.0540806320538545],
            [0.0363720362776205, 0.0182973848755772, 0.0467363774958248]
          ]
        },
        "cv_val_oof_ens_acc": 0.757694186614558,
        "cv_val_oof_ens_f1": 0.731653917379949,
        "cv_val_oof_ens_confusion": {
          "cm_mean": [
            [589, 116, 62],
            [75, 263, 65],
            [56, 122, 699]
          ],
          "cm_std": [
            [0, 0, 0],
            [0, 0, 0],
            [0, 0, 0]
          ],
          "cm_mean_normalized": [
            [0.767926988265971, 0.151238591916558, 0.0808344198174707],
            [0.186104218362283, 0.652605459057072, 0.161290322580645],
            [0.0638540478905359, 0.139110604332953, 0.797035347776511]
          ],
          "cm_std_normalized": [
            [0, 0, 0],
            [0, 0, 0],
            [0, 0, 0]
          ]
        },
        "cv_test_ens_acc": 0.788643533123028,
        "cv_test_ens_f1": 0.751194423540322,
        "cv_test_ens_confusion": {
          "cm_mean": [
            [103, 13, 10],
            [40, 100, 27],
            [13, 31, 297]
          ],
          "cm_std": [
            [0, 0, 0],
            [0, 0, 0],
            [0, 0, 0]
          ],
          "cm_mean_normalized": [
            [0.817460317460317, 0.103174603174603, 0.0793650793650794],
            [0.239520958083832, 0.598802395209581, 0.161676646706587],
            [0.0381231671554252, 0.0909090909090909, 0.870967741935484]
          ],
          "cm_std_normalized": [
            [0, 0, 0],
            [0, 0, 0],
            [0, 0, 0]
          ]
        },
        "full_test_acc": 0.793375394321767,
        "full_test_f1": 0.753624190656605
      }
    ],
    "term": [
      {
        "fusion_method": "term",
        "seed": 42,
        "cv_val_f1_folds": [0.448683002271519, 0.502554481292401, 0.475504701590185, 0.424188050903467, 0.49386199705234],
        "cv_test_f1_folds": [0.448936461144335, 0.486302423747277, 0.48529265362158, 0.461874931416716, 0.494666310695834],
        "cv_val_f1_mean": 0.468958446621982,
        "cv_val_f1_std": 0.0324315270998885,
        "cv_test_f1_mean": 0.475414556125148,
        "cv_test_f1_std": 0.0191778744691251,
        "cv_val_confusion": {
          "cm_mean": [
            [53.4, 60.4, 39.6],
            [17.4, 42.8, 20.4],
            [22, 49.8, 103.6]
          ],
          "cm_std": [
            [8.01872807869178, 10.5498815159223, 5.68330889535313],
            [1.8165902124585, 5.49545266561363, 4.39317652729776],
            [8.15475321515005, 9.57601169589929, 16.2265215003093]
          ],
          "cm_mean_normalized": [
            [0.348109517601043, 0.39374185136897, 0.258148631029987],
            [0.215880893300248, 0.531017369727047, 0.253101736972705],
            [0.125427594070696, 0.283922462941847, 0.590649942987457]
          ],
          "cm_std_normalized": [
            [0.0522733251544445, 0.0687736735066646, 0.0370489497741403],
            [0.0225383401049441, 0.06818179485873, 0.0545059122493519],
            [0.0464923216371154, 0.0545952776277041, 0.0925115250872822]
          ]
        },
        "cv_val_oof_ens_acc": 0.488031265266243,
        "cv_val_oof_ens_f1": 0.470480486460155,
        "cv_val_oof_ens_confusion": {
          "cm_mean": [
            [267, 302, 198],
            [87, 214, 102],
            [110, 249, 518]
          ],
          "cm_std": [
            [0, 0, 0],
            [0, 0, 0],
            [0, 0, 0]
          ],
          "cm_mean_normalized": [
            [0.348109517601043, 0.39374185136897, 0.258148631029987],
            [0.215880893300248, 0.531017369727047, 0.253101736972705],
            [0.125427594070696, 0.283922462941847, 0.590649942987457]
          ],
          "cm_std_normalized": [
            [0, 0, 0],
            [0, 0, 0],
            [0, 0, 0]
          ]
        },
        "cv_test_ens_acc": 0.555205047318612,
        "cv_test_ens_f1": 0.495844496871446,
        "cv_test_ens_confusion": {
          "cm_mean": [
            [33, 57, 36],
            [26, 109, 32],
            [31, 100, 210]
          ],
          "cm_std": [
            [0, 0, 0],
            [0, 0, 0],
            [0, 0, 0]
          ],
          "cm_mean_normalized": [
            [0.261904761904762, 0.452380952380952, 0.285714285714286],
            [0.155688622754491, 0.652694610778443, 0.191616766467066],
            [0.0909090909090909, 0.293255131964809, 0.6158357771261]
          ],
          "cm_std_normalized": [
            [0, 0, 0],
            [0, 0, 0],
            [0, 0, 0]
          ]
        },
        "full_test_acc": 0.564668769716088,
        "full_test_f1": 0.502444809341361
      },
      {
        "fusion_method": "term",
        "seed": 43,
        "cv_val_f1_folds": [0.451383404918079, 0.199430199430199, 0.457320064213042, 0.510351379954918, 0.446365733829158],
        "cv_test_f1_folds": [0.483694016087151, 0.233162393162393, 0.489779989871911, 0.463998331573066, 0.486575298340004],
        "cv_val_f1_mean": 0.412970156469079,
        "cv_val_f1_std": 0.122106687470713,
        "cv_test_f1_mean": 0.431442005806905,
        "cv_test_f1_std": 0.11129689129361,
        "cv_val_confusion": {
          "cm_mean": [
            [46.8, 48, 58.6],
            [14.2, 35, 31.4],
            [22, 42.8, 110.6]
          ],
          "cm_std": [
            [28.507893643691, 29.3938769133981, 53.882279090625],
            [9.57601169589929, 20.1866292381864, 28.623416986796],
            [13.9283882771841, 27.8154633252801, 39.5891399249845]
          ],
          "cm_mean_normalized": [
            [0.305084745762712, 0.312907431551499, 0.382007822685789],
            [0.176178660049628, 0.43424317617866, 0.389578163771712],
            [0.125427594070696, 0.244013683010262, 0.630558722919042]
          ],
          "cm_std_normalized": [
            [0.185840245395639, 0.191615886006507, 0.351253449091427],
            [0.118809078112894, 0.250454457049458, 0.355129243012357],
            [0.0794092832222584, 0.158583029220525, 0.225707753278133]
          ]
        },
        "cv_val_oof_ens_acc": 0.469956033219345,
        "cv_val_oof_ens_f1": 0.441128081818849,
        "cv_val_oof_ens_confusion": {
          "cm_mean": [
            [234, 240, 293],
            [71, 175, 157],
            [110, 214, 553]
          ],
          "cm_std": [
            [0, 0, 0],
            [0, 0, 0],
            [0, 0, 0]
          ],
          "cm_mean_normalized": [
            [0.305084745762712, 0.312907431551499, 0.382007822685789],
            [0.176178660049628, 0.43424317617866, 0.389578163771712],
            [0.125427594070696, 0.244013683010262, 0.630558722919042]
          ],
          "cm_std_normalized": [
            [0, 0, 0],
            [0, 0, 0],
            [0, 0, 0]
          ]
        },
        "cv_test_ens_acc": 0.577287066246057,
        "cv_test_ens_f1": 0.511252254658102,
        "cv_test_ens_confusion": {
          "cm_mean": [
            [34, 47, 45],
            [22, 103, 42],
            [32, 80, 229]
          ],
          "cm_std": [
            [0, 0, 0],
            [0, 0, 0],
            [0, 0, 0]
          ],
          "cm_mean_normalized": [
            [0.26984126984127, 0.373015873015873, 0.357142857142857],
            [0.131736526946108, 0.616766467065868, 0.251497005988024],
            [0.093841642228739, 0.234604105571848, 0.671554252199413]
          ],
          "cm_std_normalized": [
            [0, 0, 0],
            [0, 0, 0],
            [0, 0, 0]
          ]
        },
        "full_test_acc": 0.548895899053628,
        "full_test_f1": 0.498906231193488
      },
      {
        "fusion_method": "term",
        "seed": 44,
        "cv_val_f1_folds": [0.465412537087305, 0.445922714092285, 0.508325581351699, 0.488487360893342, 0.46975111708918],
        "cv_test_f1_folds": [0.498966552812907, 0.477369976053574, 0.503745063779369, 0.475279226826616, 0.482672900250097],
        "cv_val_f1_mean": 0.475579862102762,
        "cv_val_f1_std": 0.0237475306541418,
        "cv_test_f1_mean": 0.487606743944513,
        "cv_test_f1_std": 0.0129479007310499,
        "cv_val_confusion": {
          "cm_mean": [
            [56.4, 55.8, 41.2],
            [18, 42, 20.6],
            [27.6, 43.8, 104]
          ],
          "cm_std": [
            [8.96102672688794, 6.41872261435249, 9.20326029187483],
            [3.80788655293195, 5.47722557505166, 3.64691650576209],
            [8.5615419172016, 6.22093240599832, 5.78791845139511]
          ],
          "cm_mean_normalized": [
            [0.367666232073012, 0.363754889178618, 0.26857887874837],
            [0.223325062034739, 0.521091811414392, 0.255583126550869],
            [0.157354618015964, 0.249714937286203, 0.592930444697834]
          ],
          "cm_std_normalized": [
            [0.0584160803578093, 0.0418430418145534, 0.0599951779131345],
            [0.0472442500363766, 0.0679556522959263, 0.0452471030491575],
            [0.0488115274640912, 0.035467117480036, 0.0329983948198125]
          ]
        },
        "cv_val_oof_ens_acc": 0.49438202247191,
        "cv_val_oof_ens_f1": 0.4764370249549,
        "cv_val_oof_ens_confusion": {
          "cm_mean": [
            [282, 279, 206],
            [90, 210, 103],
            [138, 219, 520]
          ],
          "cm_std": [
            [0, 0, 0],
            [0, 0, 0],
            [0, 0, 0]
          ],
          "cm_mean_normalized": [
            [0.367666232073012, 0.363754889178618, 0.26857887874837],
            [0.223325062034739, 0.521091811414392, 0.255583126550869],
            [0.157354618015964, 0.249714937286203, 0.592930444697834]
          ],
          "cm_std_normalized": [
            [0, 0, 0],
            [0, 0, 0],
            [0, 0, 0]
          ]
        },
        "cv_test_ens_acc": 0.566246056782334,
        "cv_test_ens_f1": 0.518930137293547,
        "cv_test_ens_confusion": {
          "cm_mean": [
            [44, 47, 35],
            [31, 105, 31],
            [46, 85, 210]
          ],
          "cm_std": [
            [0, 0, 0],
            [0, 0, 0],
            [0, 0, 0]
          ],
          "cm_mean_normalized": [
            [0.349206349206349, 0.373015873015873, 0.277777777777778],
            [0.18562874251497, 0.62874251497006, 0.18562874251497],
            [0.134897360703812, 0.249266862170088, 0.6158357771261]
          ],
          "cm_std_normalized": [
            [0, 0, 0],
            [0, 0, 0],
            [0, 0, 0]
          ]
        },
        "full_test_acc": 0.547318611987382,
        "full_test_f1": 0.509255219427231
      }
    ],
    "concat": [
      {
        "fusion_method": "concat",
        "seed": 42,
        "cv_val_f1_folds": [0.702765300535565, 0.786742959264196, 0.754657034967752, 0.741455322373679, 0.754541061238338],
        "cv_test_f1_folds": [0.736648516919231, 0.729066218625987, 0.754011960370868, 0.726781910977722, 0.724297665225292],
        "cv_val_f1_mean": 0.748032335675906,
        "cv_val_f1_std": 0.0303196475165992,
        "cv_test_f1_mean": 0.73416125442382,
        "cv_test_f1_std": 0.0120202068687611,
        "cv_val_confusion": {
          "cm_mean": [
            [124.6, 17.8, 11],
            [15.6, 51.2, 13.8],
            [11.8, 21.2, 142.4]
          ],
          "cm_std": [
            [4.56070170039655, 5.54075807087803, 2.12132034355964],
            [4.03732584763727, 7.88669766125214, 5.76194411635517],
            [4.43846820423443, 4.76445169982864, 6.87749954561976]
          ],
          "cm_mean_normalized": [
            [0.8122555410691, 0.116036505867014, 0.0717079530638853],
            [0.193548387096774, 0.635235732009926, 0.1712158808933],
            [0.0672748004561004, 0.120866590649943, 0.811858608893957]
          ],
          "cm_std_normalized": [
            [0.0297307803154925, 0.0361196745168059, 0.0138286854208582],
            [0.0500908914098917, 0.0978498469137983, 0.071488140401429],
            [0.0253048358280184, 0.027163350626161, 0.0392103736922449]
          ]
        },
        "cv_val_oof_ens_acc": 0.77723497801661,
        "cv_val_oof_ens_f1": 0.748933598023103,
        "cv_val_oof_ens_confusion": {
          "cm_mean": [
            [623, 89, 55],
            [78, 256, 69],
            [59, 106, 712]
          ],
          "cm_std": [
            [0, 0, 0],
            [0, 0, 0],
            [0, 0, 0]
          ],
          "cm_mean_normalized": [
            [0.8122555410691, 0.116036505867014, 0.0717079530638853],
            [0.193548387096774, 0.635235732009926, 0.1712158808933],
            [0.0672748004561004, 0.120866590649943, 0.811858608893957]
          ],
          "cm_std_normalized": [
            [0, 0, 0],
            [0, 0, 0],
            [0, 0, 0]
          ]
        },
        "cv_test_ens_acc": 0.793375394321767,
        "cv_test_ens_f1": 0.756186996302218,
        "cv_test_ens_confusion": {
          "cm_mean": [
            [111, 7, 8],
            [42, 93, 32],
            [12, 30, 299]
          ],
          "cm_std": [
            [0, 0, 0],
            [0, 0, 0],
            [0, 0, 0]
          ],
          "cm_mean_normalized": [
            [0.880952380952381, 0.0555555555555556, 0.0634920634920635],
            [0.251497005988024, 0.55688622754491, 0.191616766467066],
            [0.0351906158357771, 0.0879765395894428, 0.87683284457478]
          ],
          "cm_std_normalized": [
            [0, 0, 0],
            [0, 0, 0],
            [0, 0, 0]
          ]
        },
        "full_test_acc": 0.793375394321767,
        "full_test_f1": 0.753714997704768
      },
      {
        "fusion_method": "concat",
        "seed": 43,
        "cv_val_f1_folds": [0.733641224212159, 0.746007858340607, 0.724603556425584, 0.762438700614122, 0.742786567395688],
        "cv_test_f1_folds": [0.739591709266435, 0.740049057630464, 0.737501935803591, 0.740578984081913, 0.739125219894451],
        "cv_val_f1_mean": 0.741895581397632,
        "cv_val_f1_std": 0.0142027547066289,
        "cv_test_f1_mean": 0.739369381335371,
        "cv_test_f1_std": 0.00117489318694103,
        "cv_val_confusion": {
          "cm_mean": [
            [118.4, 24.6, 10.4],
            [15.2, 52.8, 12.6],
            [10, 21.6, 143.8]
          ],
          "cm_std": [
            [6.02494813255683, 4.50555213042752, 2.07364413533277],
            [3.3466401061363, 2.77488738510232, 4.9295030175465],
            [2.34520787991172, 4.15932686861708, 4.86826457785523]
          ],
          "cm_mean_normalized": [
            [0.771838331160365, 0.160365058670143, 0.0677966101694915],
            [0.188585607940447, 0.655086848635236, 0.156327543424318],
            [0.0570125427594071, 0.123147092360319, 0.819840364880274]
          ],
          "cm_std_normalized": [
            [0.0392760634456116, 0.0293712655177805, 0.0135178887570585],
            [0.0415215894061576, 0.0344278831898551, 0.0611600870663337],
            [0.0133706264533165, 0.0237133800947382, 0.0277552142409078]
          ]
        },
        "cv_val_oof_ens_acc": 0.769418661455789,
        "cv_val_oof_ens_f1": 0.741907951978603,
        "cv_val_oof_ens_confusion": {
          "cm_mean": [
            [592, 123, 52],
            [76, 264, 63],
            [50, 108, 719]
          ],
          "cm_std": [
            [0, 0, 0],
            [0, 0, 0],
            [0, 0, 0]
          ],
          "cm_mean_normalized": [
            [0.771838331160365, 0.160365058670143, 0.0677966101694915],
            [0.188585607940447, 0.655086848635236, 0.156327543424318],
            [0.0570125427594071, 0.123147092360319, 0.819840364880274]
          ],
          "cm_std_normalized": [
            [0, 0, 0],
            [0, 0, 0],
            [0, 0, 0]
          ]
        },
        "cv_test_ens_acc": 0.793375394321767,
        "cv_test_ens_f1": 0.75566323638425,
        "cv_test_ens_confusion": {
          "cm_mean": [
            [106, 12, 8],
            [39, 97, 31],
            [13, 28, 300]
          ],
          "cm_std": [
            [0, 0, 0],
            [0, 0, 0],
            [0, 0, 0]
          ],
          "cm_mean_normalized": [
            [0.841269841269841, 0.0952380952380952, 0.0634920634920635],
            [0.233532934131737, 0.580838323353293, 0.18562874251497],
            [0.0381231671554252, 0.0821114369501466, 0.879765395894428]
          ],
          "cm_std_normalized": [
            [0, 0, 0],
            [0, 0, 0],
            [0, 0, 0]
          ]
        },
        "full_test_acc": 0.78391167192429,
        "full_test_f1": 0.739746866290827
      },
      {
        "fusion_method": "concat",
        "seed": 44,
        "cv_val_f1_folds": [0.731679272510837, 0.739243342961509, 0.732475092952603, 0.720440772266738, 0.747648648347628],
        "cv_test_f1_folds": [0.744755799350202, 0.748425737101853, 0.726416065685132, 0.745217876136559, 0.739486114400868],
        "cv_val_f1_mean": 0.734297425807863,
        "cv_val_f1_std": 0.0100610599699776,
        "cv_test_f1_mean": 0.740860318534923,
        "cv_test_f1_std": 0.00868797321757784,
        "cv_val_confusion": {
          "cm_mean": [
            [120.4, 22.4, 10.6],
            [16, 51.8, 12.8],
            [11.2, 24.2, 140]
          ],
          "cm_std": [
            [5.81377674149945, 6.98569967862919, 2.96647939483827],
            [4.52769256906871, 6.87022561492707, 3.89871773792359],
            [3.89871773792359, 2.86356421265527, 6.89202437604511]
          ],
          "cm_mean_normalized": [
            [0.784876140808344, 0.146023468057366, 0.0691003911342894],
            [0.198511166253102, 0.642679900744417, 0.158808933002481],
            [0.0638540478905359, 0.137970353477765, 0.798175598631699]
          ],
          "cm_std_normalized": [
            [0.0378994572457592, 0.0455391113339582, 0.0193381968372768],
            [0.0561748457700832, 0.0852385312025691, 0.0483711878154291],
            [0.0222275811740227, 0.0163259077118316, 0.0392931834438148]
          ]
        },
        "cv_val_oof_ens_acc": 0.762579384465071,
        "cv_val_oof_ens_f1": 0.735072410237469,
        "cv_val_oof_ens_confusion": {
          "cm_mean": [
            [602, 112, 53],
            [80, 259, 64],
            [56, 121, 700]
          ],
          "cm_std": [
            [0, 0, 0],
            [0, 0, 0],
            [0, 0, 0]
          ],
          "cm_mean_normalized": [
            [0.784876140808344, 0.146023468057366, 0.0691003911342894],
            [0.198511166253102, 0.642679900744417, 0.158808933002481],
            [0.0638540478905359, 0.137970353477765, 0.798175598631699]
          ],
          "cm_std_normalized": [
            [0, 0, 0],
            [0, 0, 0],
            [0, 0, 0]
          ]
        },
        "cv_test_ens_acc": 0.801261829652997,
        "cv_test_ens_f1": 0.763210289693232,
        "cv_test_ens_confusion": {
          "cm_mean": [
            [108, 11, 7],
            [40, 97, 30],
            [12, 26, 303]
          ],
          "cm_std": [
            [0, 0, 0],
            [0, 0, 0],
            [0, 0, 0]
          ],
          "cm_mean_normalized": [
            [0.857142857142857, 0.0873015873015873, 0.0555555555555556],
            [0.239520958083832, 0.580838323353293, 0.179640718562874],
            [0.0351906158357771, 0.0762463343108504, 0.888563049853372]
          ],
          "cm_std_normalized": [
            [0, 0, 0],
            [0, 0, 0],
            [0, 0, 0]
          ]
        },
        "full_test_acc": 0.796529968454259,
        "full_test_f1": 0.763619136579592
      }
    ],
    "add": [
      {
        "fusion_method": "add",
        "seed": 42,
        "cv_val_f1_folds": [0.726727351612043, 0.81162118067326, 0.768395964936458, 0.727862981410479, 0.752711232058238],
        "cv_test_f1_folds": [0.760756901600557, 0.722244061866788, 0.742398825688992, 0.743710229936902, 0.737915022124814],
        "cv_val_f1_mean": 0.757463742138096,
        "cv_val_f1_std": 0.0349859212194204,
        "cv_test_f1_mean": 0.74140500824361,
        "cv_test_f1_std": 0.0137851311730561,
        "cv_val_confusion": {
          "cm_mean": [
            [125, 17, 11.4],
            [15.4, 53.6, 11.6],
            [12, 21.6, 141.8]
          ],
          "cm_std": [
            [5.52268050859363, 5.24404424085076, 4.39317652729776],
            [3.13049516849971, 3.36154726279432, 2.30217288664427],
            [4.94974746830583, 6.8044103344816, 10.0598210719674]
          ],
          "cm_mean_normalized": [
            [0.814863102998696, 0.110821382007823, 0.0743155149934811],
            [0.19106699751861, 0.665012406947891, 0.143920595533499],
            [0.0684150513112885, 0.123147092360319, 0.808437856328392]
          ],
          "cm_std_normalized": [
            [0.0360018286088242, 0.0341854252988967, 0.0286386996564391],
            [0.0388398904280361, 0.0417065417220139, 0.0285629390402515],
            [0.0282197689185053, 0.0387936735147184, 0.0573535979017528]
          ]
        },
        "cv_val_oof_ens_acc": 0.782608695652174,
        "cv_val_oof_ens_f1": 0.757175148129052,
        "cv_val_oof_ens_confusion": {
          "cm_mean": [
            [625, 85, 57],
            [77, 268, 58],
            [60, 108, 709]
          ],
          "cm_std": [
            [0, 0, 0],
            [0, 0, 0],
            [0, 0, 0]
          ],
          "cm_mean_normalized": [
            [0.814863102998696, 0.110821382007823, 0.0743155149934811],
            [0.19106699751861, 0.665012406947891, 0.143920595533499],
            [0.0684150513112885, 0.123147092360319, 0.808437856328392]
          ],
          "cm_std_normalized": [
            [0, 0, 0],
            [0, 0, 0],
            [0, 0, 0]
          ]
        },
        "cv_test_ens_acc": 0.788643533123028,
        "cv_test_ens_f1": 0.747426728448626,
        "cv_test_ens_confusion": {
          "cm_mean": [
            [105, 10, 11],
            [43, 93, 31],
            [12, 27, 302]
          ],
          "cm_std": [
            [0, 0, 0],
            [0, 0, 0],
            [0, 0, 0]
          ],
          "cm_mean_normalized": [
            [0.833333333333333, 0.0793650793650794, 0.0873015873015873],
            [0.25748502994012, 0.55688622754491, 0.18562874251497],
            [0.0351906158357771, 0.0791788856304985, 0.885630498533724]
          ],
          "cm_std_normalized": [
            [0, 0, 0],
            [0, 0, 0],
            [0, 0, 0]
          ]
        },
        "full_test_acc": 0.763406940063092,
        "full_test_f1": 0.719044138398977
      },
      {
        "fusion_method": "add",
        "seed": 43,
        "cv_val_f1_folds": [0.757846556563677, 0.727193810278424, 0.720037936973421, 0.74830806176873, 0.751571656141549],
        "cv_test_f1_folds": [0.739581389887977, 0.738174602582773, 0.747474109272019, 0.740843071923864, 0.717949133255256],
        "cv_val_f1_mean": 0.74099160434516,
        "cv_val_f1_std": 0.0164240125804203,
        "cv_test_f1_mean": 0.736804461384378,
        "cv_test_f1_std": 0.011127261329842,
        "cv_val_confusion": {
          "cm_mean": [
            [119.2, 23.2, 11],
            [15.8, 52, 12.8],
            [10.6, 21, 143.8]
          ],
          "cm_std": [
            [9.14877040918614, 6.79705818718657, 3],
            [4.54972526643093, 4.30116263352131, 4.43846820423443],
            [3.78153408023781, 2.34520787991172, 4.86826457785523]
          ],
          "cm_mean_normalized": [
            [0.777053455019557, 0.151238591916558, 0.0717079530638853],
            [0.196029776674938, 0.645161290322581, 0.158808933002481],
            [0.0604332953249715, 0.119726339794755, 0.819840364880274]
          ],
          "cm_std_normalized": [
            [0.0596399635540166, 0.0443093754053883, 0.0195567144719687],
            [0.0564482042981505, 0.0533643006640362, 0.0550678437249929],
            [0.0215594873445713, 0.0133706264533165, 0.0277552142409078]
          ]
        },
        "cv_val_oof_ens_acc": 0.769418661455789,
        "cv_val_oof_ens_f1": 0.741347891282648,
        "cv_val_oof_ens_confusion": {
          "cm_mean": [
            [596, 116, 55],
            [79, 260, 64],
            [53, 105, 719]
          ],
          "cm_std": [
            [0, 0, 0],
            [0, 0, 0],
            [0, 0, 0]
          ],
          "cm_mean_normalized": [
            [0.777053455019557, 0.151238591916558, 0.0717079530638853],
            [0.196029776674938, 0.645161290322581, 0.158808933002481],
            [0.0604332953249715, 0.119726339794755, 0.819840364880274]
          ],
          "cm_std_normalized": [
            [0, 0, 0],
            [0, 0, 0],
            [0, 0, 0]
          ]
        },
        "cv_test_ens_acc": 0.798107255520505,
        "cv_test_ens_f1": 0.757305278700628,
        "cv_test_ens_confusion": {
          "cm_mean": [
            [103, 13, 10],
            [39, 97, 31],
            [12, 23, 306]
          ],
          "cm_std": [
            [0, 0, 0],
            [0, 0, 0],
            [0, 0, 0]
          ],
          "cm_mean_normalized": [
            [0.817460317460317, 0.103174603174603, 0.0793650793650794],
            [0.233532934131737, 0.580838323353293, 0.18562874251497],
            [0.0351906158357771, 0.0674486803519062, 0.897360703812317]
          ],
          "cm_std_normalized": [
            [0, 0, 0],
            [0, 0, 0],
            [0, 0, 0]
          ]
        },
        "full_test_acc": 0.787066246056782,
        "full_test_f1": 0.744693358820011
      },
      {
        "fusion_method": "add",
        "seed": 44,
        "cv_val_f1_folds": [0.713321221687262, 0.751275025482552, 0.74059460615606, 0.725279969141641, 0.743959476039358],
        "cv_test_f1_folds": [0.72247374122745, 0.752264418261143, 0.708251019053939, 0.727461074566174, 0.736345302070716],
        "cv_val_f1_mean": 0.734886059701374,
        "cv_val_f1_std": 0.0153364908018508,
        "cv_test_f1_mean": 0.729359111035884,
        "cv_test_f1_std": 0.016355598209911,
        "cv_val_confusion": {
          "cm_mean": [
            [119.4, 22, 12],
            [15.4, 51, 14.2],
            [10.8, 22.2, 142.4]
          ],
          "cm_std": [
            [8.26438140455776, 7.51664818918645, 3.93700393700591],
            [4.33589667773576, 6.70820393249937, 2.94957624075053],
            [5.26307894677631, 2.58843582110896, 6.87749954561976]
          ],
          "cm_mean_normalized": [
            [0.778357235984355, 0.143415906127771, 0.0782268578878748],
            [0.19106699751861, 0.632754342431762, 0.176178660049628],
            [0.0615735461801596, 0.126567844925884, 0.811858608893957]
          ],
          "cm_std_normalized": [
            [0.0538747158054612, 0.04900031414072, 0.0256649539570137],
            [0.0537952441406422, 0.0832283366315058, 0.0365952387189891],
            [0.0300061513499219, 0.0147573307930955, 0.0392103736922449]
          ]
        },
        "cv_val_oof_ens_acc": 0.764044943820225,
        "cv_val_oof_ens_f1": 0.735591320753014,
        "cv_val_oof_ens_confusion": {
          "cm_mean": [
            [597, 110, 60],
            [77, 255, 71],
            [54, 111, 712]
          ],
          "cm_std": [
            [0, 0, 0],
            [0, 0, 0],
            [0, 0, 0]
          ],
          "cm_mean_normalized": [
            [0.778357235984355, 0.143415906127771, 0.0782268578878748],
            [0.19106699751861, 0.632754342431762, 0.176178660049628],
            [0.0615735461801596, 0.126567844925884, 0.811858608893957]
          ],
          "cm_std_normalized": [
            [0, 0, 0],
            [0, 0, 0],
            [0, 0, 0]
          ]
        },
        "cv_test_ens_acc": 0.794952681388013,
        "cv_test_ens_f1": 0.755704799215677,
        "cv_test_ens_confusion": {
          "cm_mean": [
            [104, 12, 10],
            [38, 96, 33],
            [11, 26, 304]
          ],
          "cm_std": [
            [0, 0, 0],
            [0, 0, 0],
            [0, 0, 0]
          ],
          "cm_mean_normalized": [
            [0.825396825396825, 0.0952380952380952, 0.0793650793650794],
            [0.227544910179641, 0.574850299401198, 0.197604790419162],
            [0.032258064516129, 0.0762463343108504, 0.891495601173021]
          ],
          "cm_std_normalized": [
            [0, 0, 0],
            [0, 0, 0],
            [0, 0, 0]
          ]
        },
        "full_test_acc": 0.798107255520505,
        "full_test_f1": 0.756408557364635
      }
    ],
    "mul": [
      {
        "fusion_method": "mul",
        "seed": 42,
        "cv_val_f1_folds": [0.199430199430199, 0.797769150056035, 0.742762885527337, 0.716734995622929, 0.705343210828866],
        "cv_test_f1_folds": [0.233162393162393, 0.719581760599959, 0.710759493670886, 0.739880781597659, 0.729861056391669],
        "cv_val_f1_mean": 0.632408088293073,
        "cv_val_f1_std": 0.244654283461004,
        "cv_test_f1_mean": 0.626649097084513,
        "cv_test_f1_std": 0.220236774771604,
        "cv_val_confusion": {
          "cm_mean": [
            [95.4, 20.4, 37.6],
            [11.4, 44.2, 25],
            [8.6, 21, 145.8]
          ],
          "cm_std": [
            [54.2245331930114, 13.2400906341309, 65.14829237977],
            [6.98569967862919, 24.8937743221071, 31.3129366237024],
            [5.27257053058563, 15.1327459504216, 19.110206696946]
          ],
          "cm_mean_normalized": [
            [0.621903520208605, 0.132985658409387, 0.245110821382008],
            [0.141439205955335, 0.548387096774194, 0.310173697270472],
            [0.0490307867730901, 0.119726339794755, 0.831242873432155]
          ],
          "cm_std_normalized": [
            [0.353484571010505, 0.0863108907048949, 0.424695517469166],
            [0.0866712118936625, 0.308855760820188, 0.388497972998789],
            [0.0300602652827003, 0.0862756325565653, 0.108952147645074]
          ]
        },
        "cv_val_oof_ens_acc": 0.697117733268197,
        "cv_val_oof_ens_f1": 0.667160477498986,
        "cv_val_oof_ens_confusion": {
          "cm_mean": [
            [477, 102, 188],
            [57, 221, 125],
            [43, 105, 729]
          ],
          "cm_std": [
            [0, 0, 0],
            [0, 0, 0],
            [0, 0, 0]
          ],
          "cm_mean_normalized": [
            [0.621903520208605, 0.132985658409387, 0.245110821382008],
            [0.141439205955335, 0.548387096774194, 0.310173697270471],
            [0.0490307867730901, 0.119726339794755, 0.831242873432155]
          ],
          "cm_std_normalized": [
