{
  "benchmark_type": "kfold_plus_full_multiseed",
  "methods": [
    "sent",
    "term",
    "concat",
    "add",
    "mul",
    "cross",
    "gated_concat",
    "bilinear",
    "coattn",
    "late_interaction"
  ],
  "seeds": [42, 43, 44],
  "k_folds": 5,
  "config": {
    "model_name": "roberta-base",
    "fusion_method": "concat",
    "epochs": 10,
    "train_batch_size": 16,
    "eval_batch_size": 32,
    "lr": 0.00002,
    "warmup_ratio": 0.1,
    "dropout": 0.1,
    "freeze_epochs": 3,
    "rolling_k": 3,
    "early_stop_patience": 5,
    "k_folds": 5,
    "seed": 42,
    "max_len_sent": 24,
    "max_len_term": 4,
    "output_dir": "/kaggle/working/A-MoE-ASC/saved_model",
    "output_name": "phase1_locked_baseline",
    "verbose_report": false,
    "train_full_only": false,
    "head_type": "linear",
    "do_ensemble_logits": true,
    "loss_type": "weighted_ce",
    "class_weights": "1.0,2.5,1.0",
    "focal_gamma": 2
  },
  "runs": {
    "sent": [
      {
        "fusion_method": "sent",
        "seed": 42,
        "cv_val_f1_folds": [0.708216123822318, 0.795125013095931, 0.727654311830247, 0.715102371745913, 0.741400499358136],
        "cv_test_f1_folds": [0.756918206171938, 0.720090408873672, 0.74471445966907, 0.751191235352443, 0.714932635403738],
        "cv_val_f1_mean": 0.737499663970509,
        "cv_val_f1_std": 0.0346121104525517,
        "cv_test_f1_mean": 0.737569389094172,
        "cv_test_f1_std": 0.0189005345063512,
        "cv_val_confusion": {
          "cm_mean": [
            [122.4, 21.8, 9.2],
            [16.6, 51.4, 12.6],
            [11.4, 24.4, 139.6]
          ],
          "cm_std": [
            [5.89915248150105, 6.57267069006199, 1.6431676725155],
            [2.30217288664427, 3.20936130717624, 3.50713558335004],
            [3.71483512420134, 7.19722168617863, 9.31665175908169]
          ],
          "cm_mean_normalized": [
            [0.797913950456323, 0.142112125162973, 0.059973924380704],
            [0.205955334987593, 0.637717121588089, 0.156327543424318],
            [0.0649942987457241, 0.139110604332953, 0.795895096921323]
          ],
          "cm_std_normalized": [
            [0.0384560135691072, 0.04284661466794, 0.010711653666985],
            [0.0285629390402515, 0.0398183785009459, 0.0435128484286605],
            [0.0211792196362676, 0.0410331909132191, 0.053116600678915]
          ]
        },
        "cv_val_oof_ens_acc": 0.765510503175379,
        "cv_val_oof_ens_f1": 0.737217272532331,
        "cv_val_oof_ens_confusion": {
          "cm_mean": [
            [612, 109, 46],
            [83, 257, 63],
            [57, 122, 698]
          ],
          "cm_std": [
            [0, 0, 0],
            [0, 0, 0],
            [0, 0, 0]
          ],
          "cm_mean_normalized": [
            [0.797913950456323, 0.142112125162973, 0.059973924380704],
            [0.205955334987593, 0.637717121588089, 0.156327543424318],
            [0.0649942987457241, 0.139110604332953, 0.795895096921323]
          ],
          "cm_std_normalized": [
            [0, 0, 0],
            [0, 0, 0],
            [0, 0, 0]
          ]
        },
        "cv_test_ens_acc": 0.796529968454259,
        "cv_test_ens_f1": 0.756908269284904,
        "cv_test_ens_confusion": {
          "cm_mean": [
            [108, 9, 9],
            [43, 95, 29],
            [15, 24, 302]
          ],
          "cm_std": [
            [0, 0, 0],
            [0, 0, 0],
            [0, 0, 0]
          ],
          "cm_mean_normalized": [
            [0.857142857142857, 0.0714285714285714, 0.0714285714285714],
            [0.25748502994012, 0.568862275449102, 0.173652694610778],
            [0.0439882697947214, 0.0703812316715543, 0.885630498533724]
          ],
          "cm_std_normalized": [
            [0, 0, 0],
            [0, 0, 0],
            [0, 0, 0]
          ]
        },
        "full_test_acc": 0.78391167192429,
        "full_test_f1": 0.742245960149551
      },
      {
        "fusion_method": "sent",
        "seed": 43,
        "cv_val_f1_folds": [0.757498037484055, 0.73074340569399, 0.722024983563445, 0.768070513027641, 0.766213836434567],
        "cv_test_f1_folds": [0.720595638437453, 0.734501975202774, 0.731535772108824, 0.744892017866908, 0.719409145059573],
        "cv_val_f1_mean": 0.74891015524074,
        "cv_val_f1_std": 0.0211726926725009,
        "cv_test_f1_mean": 0.730186909735106,
        "cv_test_f1_std": 0.0105455218145884,
        "cv_val_confusion": {
          "cm_mean": [
            [122.8, 20, 10.6],
            [16, 51.8, 12.8],
            [11.6, 20.6, 143.2]
          ],
          "cm_std": [
            [6.09918027279076, 8.21583836257749, 3.286335345031],
            [3.80788655293195, 1.92353840616713, 4.08656334834051],
            [3.20936130717624, 5.85662018573853, 5.89067059000926]
          ],
          "cm_mean_normalized": [
            [0.800521512385919, 0.130378096479791, 0.0691003911342894],
            [0.198511166253102, 0.642679900744417, 0.158808933002481],
            [0.0661345496009122, 0.117445838084379, 0.816419612314709]
          ],
          "cm_std_normalized": [
            [0.0397599757026777, 0.053558268334925, 0.02142330733397],
            [0.0472442500363766, 0.0238652407713044, 0.050701778515391],
            [0.0182973848755772, 0.0333900808765025, 0.0335842108894484]
          ]
        },
        "cv_val_oof_ens_acc": 0.776257938446507,
        "cv_val_oof_ens_f1": 0.748232475888555,
        "cv_val_oof_ens_confusion": {
          "cm_mean": [
            [614, 100, 53],
            [80, 259, 64],
            [58, 103, 716]
          ],
          "cm_std": [
            [0, 0, 0],
            [0, 0, 0],
            [0, 0, 0]
          ],
          "cm_mean_normalized": [
            [0.800521512385919, 0.130378096479791, 0.0691003911342894],
            [0.198511166253102, 0.642679900744417, 0.158808933002481],
            [0.0661345496009122, 0.117445838084379, 0.816419612314709]
          ],
          "cm_std_normalized": [
            [0, 0, 0],
            [0, 0, 0],
            [0, 0, 0]
          ]
        },
        "cv_test_ens_acc": 0.793375394321767,
        "cv_test_ens_f1": 0.750669064082299,
        "cv_test_ens_confusion": {
          "cm_mean": [
            [107, 11, 8],
            [41, 90, 36],
            [13, 22, 306]
          ],
          "cm_std": [
            [0, 0, 0],
            [0, 0, 0],
            [0, 0, 0]
          ],
          "cm_mean_normalized": [
            [0.849206349206349, 0.0873015873015873, 0.0634920634920635],
            [0.245508982035928, 0.538922155688623, 0.215568862275449],
            [0.0381231671554252, 0.0645161290322581, 0.897360703812317]
          ],
          "cm_std_normalized": [
            [0, 0, 0],
            [0, 0, 0],
            [0, 0, 0]
          ]
        },
        "full_test_acc": 0.755520504731861,
        "full_test_f1": 0.704991106443573
      },
      {
        "fusion_method": "sent",
        "seed": 44,
        "cv_val_f1_folds": [0.733253683791318, 0.742387867907677, 0.736002443881849, 0.690619229567011, 0.766699152771795],
        "cv_test_f1_folds": [0.733105133077573, 0.734454284748878, 0.733536133404522, 0.740366139042719, 0.73856450685719],
        "cv_val_f1_mean": 0.73379247558393,
        "cv_val_f1_std": 0.0275037888337976,
        "cv_test_f1_mean": 0.736005239426176,
        "cv_test_f1_std": 0.00325882866377686,
        "cv_val_confusion": {
          "cm_mean": [
            [120.6, 22.4, 10.4],
            [15.2, 49.6, 15.8],
            [11.2, 21.4, 142.8]
          ],
          "cm_std": [
            [2.79284800875379, 5.27257053058563, 4.50555213042753],
            [1.09544511501033, 6.91375440697744, 6.22093240599832],
            [4.81663783151692, 2.70185121722126, 7.29383301152419]
          ],
          "cm_mean_normalized": [
            [0.786179921773142, 0.146023468057366, 0.0677966101694915],
            [0.188585607940447, 0.615384615384615, 0.196029776674938],
            [0.0638540478905359, 0.122006841505131, 0.814139110604333]
          ],
          "cm_std_normalized": [
            [0.0182063103569347, 0.0343713854666599, 0.0293712655177805],
            [0.0135911304591853, 0.0857785906572884, 0.0771827841935275],
            [0.0274608770325936, 0.0154039408051383, 0.0415839966449498]
          ]
        },
        "cv_val_oof_ens_acc": 0.764533463605276,
        "cv_val_oof_ens_f1": 0.734104220880585,
        "cv_val_oof_ens_confusion": {
          "cm_mean": [
            [603, 112, 52],
            [76, 248, 79],
            [56, 107, 714]
          ],
          "cm_std": [
            [0, 0, 0],
            [0, 0, 0],
            [0, 0, 0]
          ],
          "cm_mean_normalized": [
            [0.786179921773142, 0.146023468057366, 0.0677966101694915],
            [0.188585607940447, 0.615384615384615, 0.196029776674938],
            [0.0638540478905359, 0.122006841505131, 0.814139110604333]
          ],
          "cm_std_normalized": [
            [0, 0, 0],
            [0, 0, 0],
            [0, 0, 0]
          ]
        },
        "cv_test_ens_acc": 0.787066246056782,
        "cv_test_ens_f1": 0.749035419280136,
        "cv_test_ens_confusion": {
          "cm_mean": [
            [108, 8, 10],
            [41, 93, 33],
            [15, 28, 298]
          ],
          "cm_std": [
            [0, 0, 0],
            [0, 0, 0],
            [0, 0, 0]
          ],
          "cm_mean_normalized": [
            [0.857142857142857, 0.0634920634920635, 0.0793650793650794],
            [0.245508982035928, 0.55688622754491, 0.197604790419162],
            [0.0439882697947214, 0.0821114369501466, 0.873900293255132]
          ],
          "cm_std_normalized": [
            [0, 0, 0],
            [0, 0, 0],
            [0, 0, 0]
          ]
        },
        "full_test_acc": 0.78391167192429,
        "full_test_f1": 0.738118511724333
      }
    ],
    "term": [
      {
        "fusion_method": "term",
        "seed": 42,
        "cv_val_f1_folds": [0.477242694279522, 0.52645177451533, 0.460917239078159, 0.40434506886699, 0.499465765687718],
        "cv_test_f1_folds": [0.485188187074979, 0.496451653351866, 0.498516699936628, 0.483408667440994, 0.497985917710352],
        "cv_val_f1_mean": 0.473684508485544,
        "cv_val_f1_std": 0.0459148105954471,
        "cv_test_f1_mean": 0.492310225102964,
        "cv_test_f1_std": 0.0073798102762996,
        "cv_val_confusion": {
          "cm_mean": [
            [60.6, 45.4, 47.4],
            [20.6, 34.2, 25.8],
            [28.6, 36, 110.8]
          ],
          "cm_std": [
            [12.1778487426967, 8.50294066779253, 5.02991053598372],
            [6.18869937870632, 4.60434577328854, 5.54075807087803],
            [13.1263094584883, 8.63133825081603, 17.4985713702576]
          ],
          "cm_mean_normalized": [
            [0.395045632333768, 0.295958279009126, 0.308996088657106],
            [0.255583126550868, 0.424317617866005, 0.320099255583127],
            [0.163055872291904, 0.205245153933865, 0.63169897377423]
          ],
          "cm_std_normalized": [
            [0.079386236914581, 0.0554298609373698, 0.0327895080572602],
            [0.0767828707035524, 0.0571258780805029, 0.0687438966610177],
            [0.0748364279275275, 0.0492094541095555, 0.099763804847535]
          ]
        },
        "cv_val_oof_ens_acc": 0.502198339032731,
        "cv_val_oof_ens_f1": 0.475231123204012,
        "cv_val_oof_ens_confusion": {
          "cm_mean": [
            [303, 227, 237],
            [103, 171, 129],
            [143, 180, 554]
          ],
          "cm_std": [
            [0, 0, 0],
            [0, 0, 0],
            [0, 0, 0]
          ],
          "cm_mean_normalized": [
            [0.395045632333768, 0.295958279009126, 0.308996088657106],
            [0.255583126550869, 0.424317617866005, 0.320099255583127],
            [0.163055872291904, 0.205245153933865, 0.63169897377423]
          ],
          "cm_std_normalized": [
            [0, 0, 0],
            [0, 0, 0],
            [0, 0, 0]
          ]
        },
        "cv_test_ens_acc": 0.577287066246057,
        "cv_test_ens_f1": 0.521741785024372,
        "cv_test_ens_confusion": {
          "cm_mean": [
            [46, 40, 40],
            [35, 90, 42],
            [48, 63, 230]
          ],
          "cm_std": [
            [0, 0, 0],
            [0, 0, 0],
            [0, 0, 0]
          ],
          "cm_mean_normalized": [
            [0.365079365079365, 0.317460317460317, 0.317460317460317],
            [0.209580838323353, 0.538922155688623, 0.251497005988024],
            [0.140762463343109, 0.18475073313783, 0.674486803519062]
          ],
          "cm_std_normalized": [
            [0, 0, 0],
            [0, 0, 0],
            [0, 0, 0]
          ]
        },
        "full_test_acc": 0.556782334384858,
        "full_test_f1": 0.503689379144356
      },
      {
        "fusion_method": "term",
        "seed": 43,
        "cv_val_f1_folds": [0.460558478665745, 0.455267366571977, 0.482910661071581, 0.521295582456534, 0.496468072237104],
        "cv_test_f1_folds": [0.490145568986534, 0.464096210452592, 0.513376710445355, 0.439932057017508, 0.508195490740824],
        "cv_val_f1_mean": 0.483300032200588,
        "cv_val_f1_std": 0.0270195268600096,
        "cv_test_f1_mean": 0.483149207528563,
        "cv_test_f1_std": 0.0309059302758231,
        "cv_val_confusion": {
          "cm_mean": [
            [61.2, 42.4, 49.8],
            [20.2, 35.4, 25],
            [29.4, 33.2, 112.8]
          ],
          "cm_std": [
            [11.5195486022674, 1.34164078649987, 12.9112354172635],
            [7.25947656515261, 5.12835256198323, 11.247221879202],
            [4.92950301754649, 9.28439551074813, 10.686440005914]
          ],
          "cm_mean_normalized": [
            [0.398956975228162, 0.276401564537158, 0.324641460234681],
            [0.250620347394541, 0.439205955334988, 0.310173697270472],
            [0.167616875712657, 0.189281641961231, 0.643101482326112]
          ],
          "cm_std_normalized": [
            [0.0750948409535031, 0.00874602859517519, 0.0841671148452642],
            [0.0900679474584692, 0.0636272030022734, 0.139543695771737],
            [0.0281043501570496, 0.0529326996051775, 0.0609261117783012]
          ]
        },
        "cv_val_oof_ens_acc": 0.511480214948705,
        "cv_val_oof_ens_f1": 0.484764275382447,
        "cv_val_oof_ens_confusion": {
          "cm_mean": [
            [306, 212, 249],
            [101, 177, 125],
            [147, 166, 564]
          ],
          "cm_std": [
            [0, 0, 0],
            [0, 0, 0],
            [0, 0, 0]
          ],
          "cm_mean_normalized": [
            [0.398956975228162, 0.276401564537158, 0.324641460234681],
            [0.250620347394541, 0.439205955334988, 0.310173697270471],
            [0.167616875712657, 0.189281641961231, 0.643101482326112]
          ],
          "cm_std_normalized": [
            [0, 0, 0],
            [0, 0, 0],
            [0, 0, 0]
          ]
        },
        "cv_test_ens_acc": 0.578864353312303,
        "cv_test_ens_f1": 0.512146105842118,
        "cv_test_ens_confusion": {
          "cm_mean": [
            [44, 38, 44],
            [39, 79, 49],
            [42, 55, 244]
          ],
          "cm_std": [
            [0, 0, 0],
            [0, 0, 0],
            [0, 0, 0]
          ],
          "cm_mean_normalized": [
            [0.349206349206349, 0.301587301587302, 0.349206349206349],
            [0.233532934131737, 0.473053892215569, 0.293413173652695],
            [0.12316715542522, 0.161290322580645, 0.715542521994135]
          ],
          "cm_std_normalized": [
            [0, 0, 0],
            [0, 0, 0],
            [0, 0, 0]
          ]
        },
        "full_test_acc": 0.55205047318612,
        "full_test_f1": 0.495526551213432
      },
      {
        "fusion_method": "term",
        "seed": 44,
        "cv_val_f1_folds": [0.51820366515023, 0.442868201826185, 0.497772192960018, 0.480912265088705, 0.492781477262865],
        "cv_test_f1_folds": [0.480422691879866, 0.501612077193473, 0.497567686612492, 0.502744278437743, 0.512834548031366],
        "cv_val_f1_mean": 0.486507560457601,
        "cv_val_f1_std": 0.0278684318818198,
        "cv_test_f1_mean": 0.499036256430988,
        "cv_test_f1_std": 0.0118258045551102,
        "cv_val_confusion": {
          "cm_mean": [
            [61.6, 45.4, 46.4],
            [21.4, 35, 24.2],
            [28.2, 33.2, 114]
          ],
          "cm_std": [
            [7.4027022093287, 5.31977443130815, 6.34822809924155],
            [3.97492138287036, 2.73861278752583, 5.11859355682789],
            [5.26307894677631, 4.81663783151692, 2.23606797749979]
          ],
          "cm_mean_normalized": [
            [0.401564537157758, 0.295958279009126, 0.302477183833116],
            [0.265508684863524, 0.43424317617866, 0.300248138957816],
            [0.160775370581528, 0.189281641961231, 0.649942987457241]
          ],
          "cm_std_normalized": [
            [0.0482575111429511, 0.0346791032027911, 0.0413834947799319],
            [0.0493166424673742, 0.0339778261479632, 0.0635061235338448],
            [0.0300061513499219, 0.0274608770325936, 0.0127483921180148]
          ]
        },
        "cv_val_oof_ens_acc": 0.514411333659013,
        "cv_val_oof_ens_f1": 0.486464980011152,
        "cv_val_oof_ens_confusion": {
          "cm_mean": [
            [308, 227, 232],
            [107, 175, 121],
            [141, 166, 570]
          ],
          "cm_std": [
            [0, 0, 0],
            [0, 0, 0],
            [0, 0, 0]
          ],
          "cm_mean_normalized": [
            [0.401564537157758, 0.295958279009126, 0.302477183833116],
            [0.265508684863524, 0.43424317617866, 0.300248138957816],
            [0.160775370581528, 0.189281641961231, 0.649942987457241]
          ],
          "cm_std_normalized": [
            [0, 0, 0],
            [0, 0, 0],
            [0, 0, 0]
          ]
        },
        "cv_test_ens_acc": 0.575709779179811,
        "cv_test_ens_f1": 0.526735200008857,
        "cv_test_ens_confusion": {
          "cm_mean": [
            [53, 36, 37],
            [41, 86, 40],
            [52, 63, 226]
          ],
          "cm_std": [
            [0, 0, 0],
            [0, 0, 0],
            [0, 0, 0]
          ],
          "cm_mean_normalized": [
            [0.420634920634921, 0.285714285714286, 0.293650793650794],
            [0.245508982035928, 0.51497005988024, 0.239520958083832],
            [0.152492668621701, 0.18475073313783, 0.662756598240469]
          ],
          "cm_std_normalized": [
            [0, 0, 0],
            [0, 0, 0],
            [0, 0, 0]
          ]
        },
        "full_test_acc": 0.541009463722397,
        "full_test_f1": 0.496804494609762
      }
    ],
    "concat": [
      {
        "fusion_method": "concat",
        "seed": 42,
        "cv_val_f1_folds": [0.712559756627553, 0.8099568075864, 0.756611115772503, 0.732332806553099, 0.752996936146975],
        "cv_test_f1_folds": [0.739579160992283, 0.704030494117524, 0.736617144404907, 0.739458064862264, 0.718496030987019],
        "cv_val_f1_mean": 0.752891484537306,
        "cv_val_f1_std": 0.0364678124786433,
        "cv_test_f1_mean": 0.727636179072799,
        "cv_test_f1_std": 0.0158415609101699,
        "cv_val_confusion": {
          "cm_mean": [
            [123.4, 18.2, 11.8],
            [15.8, 52, 12.8],
            [10.8, 20.2, 144.4]
          ],
          "cm_std": [
            [5.27257053058563, 5.54075807087803, 1.30384048104053],
            [3.89871773792359, 6.96419413859206, 4.86826457785524],
            [4.20713679359253, 6.97853852894716, 9.07193474403338]
          ],
          "cm_mean_normalized": [
            [0.804432855280313, 0.11864406779661, 0.0769230769230769],
            [0.196029776674938, 0.645161290322581, 0.158808933002481],
            [0.0615735461801596, 0.115165336374002, 0.823261117445838]
          ],
          "cm_std_normalized": [
            [0.0343713854666599, 0.0361196745168059, 0.00849961200156799],
            [0.0483711878154291, 0.0864043937790578, 0.0604003049361692],
            [0.0239859566339369, 0.039786422627977, 0.0517214067504754]
          ]
        },
        "cv_val_oof_ens_acc": 0.78114313629702,
        "cv_val_oof_ens_f1": 0.753398180869298,
        "cv_val_oof_ens_confusion": {
          "cm_mean": [
            [617, 91, 59],
            [79, 260, 64],
            [54, 101, 722]
          ],
          "cm_std": [
            [0, 0, 0],
            [0, 0, 0],
            [0, 0, 0]
          ],
          "cm_mean_normalized": [
            [0.804432855280313, 0.11864406779661, 0.0769230769230769],
            [0.196029776674938, 0.645161290322581, 0.158808933002481],
            [0.0615735461801596, 0.115165336374002, 0.823261117445838]
          ],
          "cm_std_normalized": [
            [0, 0, 0],
            [0, 0, 0],
            [0, 0, 0]
          ]
        },
        "cv_test_ens_acc": 0.785488958990536,
        "cv_test_ens_f1": 0.740363490254589,
        "cv_test_ens_confusion": {
          "cm_mean": [
            [108, 9, 9],
            [44, 85, 38],
            [13, 23, 305]
          ],
          "cm_std": [
            [0, 0, 0],
            [0, 0, 0],
            [0, 0, 0]
          ],
          "cm_mean_normalized": [
            [0.857142857142857, 0.0714285714285714, 0.0714285714285714],
            [0.263473053892216, 0.508982035928144, 0.227544910179641],
            [0.0381231671554252, 0.0674486803519062, 0.894428152492669]
          ],
          "cm_std_normalized": [
            [0, 0, 0],
            [0, 0, 0],
            [0, 0, 0]
          ]
        },
        "full_test_acc": 0.779179810725552,
        "full_test_f1": 0.733652473747227
      },
      {
        "fusion_method": "concat",
        "seed": 43,
        "cv_val_f1_folds": [0.741990366658308, 0.734369628648424, 0.735575262818852, 0.769868807688639, 0.750312662716044],
        "cv_test_f1_folds": [0.747658131050861, 0.709398280802292, 0.740124683470007, 0.741595558753984, 0.730846219736724],
        "cv_val_f1_mean": 0.746423345706053,
        "cv_val_f1_std": 0.0145554180191758,
        "cv_test_f1_mean": 0.733924574762774,
        "cv_test_f1_std": 0.0149742385181628,
        "cv_val_confusion": {
          "cm_mean": [
            [121.2, 20.4, 11.8],
            [15.4, 51.6, 13.6],
            [12, 19.2, 144.2]
          ],
          "cm_std": [
            [4.81663783151692, 3.43511280746353, 2.94957624075053],
            [3.04959013639538, 3.78153408023781, 4.82700735445887],
            [3.93700393700591, 4.65832587954085, 5.35723809439155]
          ],
          "cm_mean_normalized": [
            [0.790091264667536, 0.132985658409387, 0.0769230769230769],
            [0.19106699751861, 0.640198511166253, 0.168734491315137],
            [0.0684150513112885, 0.109464082098062, 0.82212086659065]
          ],
          "cm_std_normalized": [
            [0.0313992035952863, 0.0223931734515224, 0.0192280067845536],
            [0.0378361059106127, 0.0469172962808661, 0.0598884287153706],
            [0.0224458605302503, 0.0265583003394575, 0.0305429765928823]
          ]
        },
        "cv_val_oof_ens_acc": 0.774303859306302,
        "cv_val_oof_ens_f1": 0.746429840740121,
        "cv_val_oof_ens_confusion": {
          "cm_mean": [
            [606, 102, 59],
            [77, 258, 68],
            [60, 96, 721]
          ],
          "cm_std": [
            [0, 0, 0],
            [0, 0, 0],
            [0, 0, 0]
          ],
          "cm_mean_normalized": [
            [0.790091264667536, 0.132985658409387, 0.0769230769230769],
            [0.19106699751861, 0.640198511166253, 0.168734491315137],
            [0.0684150513112885, 0.109464082098062, 0.82212086659065]
          ],
          "cm_std_normalized": [
            [0, 0, 0],
            [0, 0, 0],
            [0, 0, 0]
          ]
        },
        "cv_test_ens_acc": 0.791798107255521,
        "cv_test_ens_f1": 0.748898651902834,
        "cv_test_ens_confusion": {
          "cm_mean": [
            [109, 8, 9],
            [42, 87, 38],
            [12, 23, 306]
          ],
          "cm_std": [
            [0, 0, 0],
            [0, 0, 0],
            [0, 0, 0]
          ],
          "cm_mean_normalized": [
            [0.865079365079365, 0.0634920634920635, 0.0714285714285714],
            [0.251497005988024, 0.520958083832335, 0.227544910179641],
            [0.0351906158357771, 0.0674486803519062, 0.897360703812317]
          ],
          "cm_std_normalized": [
            [0, 0, 0],
            [0, 0, 0],
            [0, 0, 0]
          ]
        },
        "full_test_acc": 0.774447949526814,
        "full_test_f1": 0.720048263149927
      },
      {
        "fusion_method": "concat",
        "seed": 44,
        "cv_val_f1_folds": [0.735877081673405, 0.758052644896909, 0.727562094280239, 0.718878712102879, 0.759644773107957],
        "cv_test_f1_folds": [0.74526576696256, 0.731048562181115, 0.741116715113432, 0.731246680118066, 0.712016678754876],
        "cv_val_f1_mean": 0.740003061212278,
        "cv_val_f1_std": 0.0182320035105606,
        "cv_test_f1_mean": 0.73213888062601,
        "cv_test_f1_std": 0.0128433297977643,
        "cv_val_confusion": {
          "cm_mean": [
            [121.8, 18.8, 12.8],
            [15.6, 48.4, 16.6],
            [9.8, 19.6, 146]
          ],
          "cm_std": [
            [3.76828873628335, 3.70135110466435, 4.91934955049954],
            [2.60768096208106, 5.50454357780915, 3.84707681233427],
            [3.76828873628335, 3.64691650576209, 6.78232998312527]
          ],
          "cm_mean_normalized": [
            [0.79400260756193, 0.122555410691004, 0.0834419817470665],
            [0.193548387096774, 0.600496277915633, 0.205955334987593],
            [0.0558722919042189, 0.111744583808438, 0.832383124287343]
          ],
          "cm_std_normalized": [
            [0.0245651156211431, 0.0241287555714756, 0.0320687715156424],
            [0.0323533618124201, 0.0682945853326198, 0.0477304815426088],
            [0.0214839722707147, 0.0207919983224749, 0.0386677878171338]
          ]
        },
        "cv_val_oof_ens_acc": 0.772349780166097,
        "cv_val_oof_ens_f1": 0.740339346944726,
        "cv_val_oof_ens_confusion": {
          "cm_mean": [
            [609, 94, 64],
            [78, 242, 83],
            [49, 98, 730]
          ],
          "cm_std": [
            [0, 0, 0],
            [0, 0, 0],
            [0, 0, 0]
          ],
          "cm_mean_normalized": [
            [0.79400260756193, 0.122555410691004, 0.0834419817470665],
            [0.193548387096774, 0.600496277915633, 0.205955334987593],
            [0.0558722919042189, 0.111744583808438, 0.832383124287343]
          ],
          "cm_std_normalized": [
            [0, 0, 0],
            [0, 0, 0],
            [0, 0, 0]
          ]
        },
        "cv_test_ens_acc": 0.793375394321767,
        "cv_test_ens_f1": 0.750774642584822,
        "cv_test_ens_confusion": {
          "cm_mean": [
            [107, 9, 10],
            [39, 88, 40],
            [12, 21, 308]
          ],
          "cm_std": [
            [0, 0, 0],
            [0, 0, 0],
            [0, 0, 0]
          ],
          "cm_mean_normalized": [
            [0.849206349206349, 0.0714285714285714, 0.0793650793650794],
            [0.233532934131737, 0.526946107784431, 0.239520958083832],
            [0.0351906158357771, 0.06158357771261, 0.903225806451613]
          ],
          "cm_std_normalized": [
            [0, 0, 0],
            [0, 0, 0],
            [0, 0, 0]
          ]
        },
        "full_test_acc": 0.787066246056782,
        "full_test_f1": 0.740471100694814
      }
    ],
    "add": [
      {
        "fusion_method": "add",
        "seed": 42,
        "cv_val_f1_folds": [0.717675237856058, 0.798630182610154, 0.756216763413165, 0.728553922672842, 0.746748088430137],
        "cv_test_f1_folds": [0.740159141900358, 0.707345325089482, 0.724493319450465, 0.732662476795438, 0.741138732370747],
        "cv_val_f1_mean": 0.749564838996471,
        "cv_val_f1_std": 0.0312969463038344,
        "cv_test_f1_mean": 0.729159799121298,
        "cv_test_f1_std": 0.0139139897590336,
        "cv_val_confusion": {
          "cm_mean": [
            [123.2, 17.4, 12.8],
            [16.2, 50, 14.4],
            [11, 18.4, 146]
          ],
          "cm_std": [
            [7.52994023880668, 4.33589667773576, 4.65832587954085],
            [3.70135110466435, 5.52268050859363, 3.50713558335004],
            [3.93700393700591, 5.68330889535313, 8.15475321515005]
          ],
          "cm_mean_normalized": [
            [0.803129074315515, 0.113428943937419, 0.0834419817470665],
            [0.200992555831266, 0.620347394540943, 0.178660049627792],
            [0.0627137970353478, 0.104903078677309, 0.832383124287343]
          ],
          "cm_std_normalized": [
            [0.04908696374711, 0.028265297768812, 0.0303671830478543],
            [0.0459224702811954, 0.0685196092877622, 0.0435128484286605],
            [0.0224458605302503, 0.0324019891411239, 0.0464923216371154]
          ]
        },
        "cv_val_oof_ens_acc": 0.779677576941866,
        "cv_val_oof_ens_f1": 0.749885901872882,
        "cv_val_oof_ens_confusion": {
          "cm_mean": [
            [616, 87, 64],
            [81, 250, 72],
            [55, 92, 730]
          ],
          "cm_std": [
            [0, 0, 0],
            [0, 0, 0],
            [0, 0, 0]
          ],
          "cm_mean_normalized": [
            [0.803129074315515, 0.113428943937419, 0.0834419817470665],
            [0.200992555831266, 0.620347394540943, 0.178660049627792],
            [0.0627137970353478, 0.104903078677309, 0.832383124287343]
          ],
          "cm_std_normalized": [
            [0, 0, 0],
            [0, 0, 0],
            [0, 0, 0]
          ]
        },
        "cv_test_ens_acc": 0.785488958990536,
        "cv_test_ens_f1": 0.74078618049762,
        "cv_test_ens_confusion": {
          "cm_mean": [
            [106, 9, 11],
            [42, 86, 39],
            [13, 22, 306]
          ],
          "cm_std": [
            [0, 0, 0],
            [0, 0, 0],
            [0, 0, 0]
          ],
          "cm_mean_normalized": [
            [0.841269841269841, 0.0714285714285714, 0.0873015873015873],
            [0.251497005988024, 0.51497005988024, 0.233532934131737],
            [0.0381231671554252, 0.0645161290322581, 0.897360703812317]
          ],
          "cm_std_normalized": [
            [0, 0, 0],
            [0, 0, 0],
            [0, 0, 0]
          ]
        },
        "full_test_acc": 0.772870662460568,
        "full_test_f1": 0.729369369190279
      },
      {
        "fusion_method": "add",
        "seed": 43,
        "cv_val_f1_folds": [0.756355244255134, 0.720591422784262, 0.704369041797465, 0.762390159732873, 0.767210095206729],
        "cv_test_f1_folds": [0.691117577033569, 0.740898190209388, 0.745719571235519, 0.734414324369347, 0.711539613280829],
        "cv_val_f1_mean": 0.742183192755292,
        "cv_val_f1_std": 0.0279804795688182,
        "cv_test_f1_mean": 0.72473785522573,
        "cv_test_f1_std": 0.0229103665659309,
        "cv_val_confusion": {
          "cm_mean": [
            [121.8, 21.2, 10.4],
            [16.6, 50.2, 13.8],
            [11.4, 20, 144]
          ],
          "cm_std": [
            [10.3537432844358, 10.9863551735778, 2.40831891575846],
            [4.27784992724149, 4.32434966208793, 5.16720427310553],
            [4.03732584763727, 5.24404424085076, 5.1478150704935]
          ],
          "cm_mean_normalized": [
            [0.79400260756193, 0.138200782268579, 0.0677966101694915],
            [0.205955334987593, 0.622828784119107, 0.1712158808933],
            [0.0649942987457241, 0.114025085518814, 0.820980615735462]
          ],
          "cm_std_normalized": [
            [0.0674950670432583, 0.0716190037390992, 0.0156996017976432],
            [0.0530750611320284, 0.0536519809192051, 0.0641092341576368],
            [0.0230178212522079, 0.0298976296513726, 0.0293490026824031]
          ]
        },
        "cv_val_oof_ens_acc": 0.771861260381045,
        "cv_val_oof_ens_f1": 0.741778314732049,
        "cv_val_oof_ens_confusion": {
          "cm_mean": [
            [609, 106, 52],
            [83, 251, 69],
            [57, 100, 720]
          ],
          "cm_std": [
            [0, 0, 0],
            [0, 0, 0],
            [0, 0, 0]
          ],
          "cm_mean_normalized": [
            [0.79400260756193, 0.138200782268579, 0.0677966101694915],
            [0.205955334987593, 0.622828784119107, 0.1712158808933],
            [0.0649942987457241, 0.114025085518814, 0.820980615735462]
          ],
          "cm_std_normalized": [
            [0, 0, 0],
            [0, 0, 0],
            [0, 0, 0]
          ]
        },
        "cv_test_ens_acc": 0.785488958990536,
        "cv_test_ens_f1": 0.739581389887977,
        "cv_test_ens_confusion": {
          "cm_mean": [
            [109, 9, 8],
            [45, 84, 38],
            [14, 22, 305]
          ],
          "cm_std": [
            [0, 0, 0],
            [0, 0, 0],
            [0, 0, 0]
          ],
          "cm_mean_normalized": [
            [0.865079365079365, 0.0714285714285714, 0.0634920634920635],
            [0.269461077844311, 0.502994011976048, 0.227544910179641],
            [0.0410557184750733, 0.0645161290322581, 0.894428152492669]
          ],
          "cm_std_normalized": [
            [0, 0, 0],
            [0, 0, 0],
            [0, 0, 0]
          ]
        },
        "full_test_acc": 0.77602523659306,
        "full_test_f1": 0.728599874234036
      },
      {
        "fusion_method": "add",
        "seed": 44,
        "cv_val_f1_folds": [0.745636442247912, 0.736835913048454, 0.734391477792714, 0.715196238693507, 0.754789372870699],
        "cv_test_f1_folds": [0.725715246610769, 0.730491688819323, 0.732418646810609, 0.742523028864098, 0.715875398044099],
        "cv_val_f1_mean": 0.737369888930657,
        "cv_val_f1_std": 0.0147699115812628,
        "cv_test_f1_mean": 0.729404801829779,
        "cv_test_f1_std": 0.0097340902236744,
        "cv_val_confusion": {
          "cm_mean": [
            [124.6, 18, 10.8],
            [17.4, 47.8, 15.4],
            [11.6, 20.8, 143]
          ],
          "cm_std": [
            [4.61519230368573, 2.91547594742265, 2.94957624075053],
            [1.94935886896179, 5.26307894677631, 4.2190046219458],
            [5.27257053058563, 2.38746727726266, 6.40312423743285]
          ],
          "cm_mean_normalized": [
            [0.8122555410691, 0.117340286831812, 0.0704041720990874],
            [0.215880893300248, 0.593052109181142, 0.19106699751861],
            [0.0661345496009122, 0.118586088939567, 0.815279361459521]
          ],
          "cm_std_normalized": [
            [0.0300859993721365, 0.0190057102178791, 0.0192280067845536],
            [0.0241855939077146, 0.0652987462379195, 0.0523449704956054],
            [0.0300602652827003, 0.0136115580231623, 0.0365058394380436]
          ]
        },
        "cv_val_oof_ens_acc": 0.770395701025892,
        "cv_val_oof_ens_f1": 0.737814828272766,
        "cv_val_oof_ens_confusion": {
          "cm_mean": [
            [623, 90, 54],
            [87, 239, 77],
            [58, 104, 715]
          ],
          "cm_std": [
            [0, 0, 0],
            [0, 0, 0],
            [0, 0, 0]
          ],
          "cm_mean_normalized": [
            [0.8122555410691, 0.117340286831812, 0.0704041720990874],
            [0.215880893300248, 0.593052109181142, 0.19106699751861],
            [0.0661345496009122, 0.118586088939567, 0.815279361459521]
          ],
          "cm_std_normalized": [
            [0, 0, 0],
            [0, 0, 0],
            [0, 0, 0]
          ]
        },
        "cv_test_ens_acc": 0.790220820189274,
        "cv_test_ens_f1": 0.7516050948131,
        "cv_test_ens_confusion": {
          "cm_mean": [
            [109, 9, 8],
            [42, 93, 32],
            [14, 28, 299]
          ],
          "cm_std": [
            [0, 0, 0],
            [0, 0, 0],
            [0, 0, 0]
          ],
          "cm_mean_normalized": [
            [0.865079365079365, 0.0714285714285714, 0.0634920634920635],
            [0.251497005988024, 0.55688622754491, 0.191616766467066],
            [0.0410557184750733, 0.0821114369501466, 0.87683284457478]
          ],
          "cm_std_normalized": [
            [0, 0, 0],
            [0, 0, 0],
            [0, 0, 0]
          ]
        },
        "full_test_acc": 0.78391167192429,
        "full_test_f1": 0.736283942606967
      }
    ],
    "mul": [
      {
        "fusion_method": "mul",
        "seed": 42,
        "cv_val_f1_folds": [0.699279584834399, 0.794138474447924, 0.72481918324635, 0.10906612133606, 0.691320562619656],
        "cv_test_f1_folds": [0.725560881105141, 0.712772095089185, 0.740136138223879, 0.138992925509779, 0.709835248864624],
        "cv_val_f1_mean": 0.603724785296878,
        "cv_val_f1_std": 0.279469211176202,
        "cv_test_f1_mean": 0.605459457758522,
        "cv_test_f1_std": 0.261038068947379,
        "cv_val_confusion": {
          "cm_mean": [
            [97, 47.6, 8.8],
            [13.4, 53.8, 13.4],
            [9.2, 51.8, 114.4]
          ],
          "cm_std": [
            [54.6534536877588, 59.1506551104889, 6.37965516309463],
            [7.89303490426845, 16.1771443709945, 8.98888202169769],
            [5.93295878967653, 70.0228534122968, 64.6707043413013]
          ],
          "cm_mean_normalized": [
            [0.632333767926988, 0.310299869621904, 0.0573663624511082],
            [0.166253101736973, 0.667493796526055, 0.166253101736973],
            [0.0524515393386545, 0.295324971493729, 0.652223489167617]
          ],
          "cm_std_normalized": [
            [0.356280662892822, 0.385597490941909, 0.0415883648180876],
            [0.097928472757673, 0.200708987233183, 0.111524590839922],
            [0.0338253066686233, 0.399218092430426, 0.368704129653941]
          ]
        },
        "cv_val_oof_ens_acc": 0.647777234978017,
        "cv_val_oof_ens_f1": 0.634726152091422,
        "cv_val_oof_ens_confusion": {
          "cm_mean": [
            [485, 238, 44],
            [67, 269, 67],
            [46, 259, 572]
          ],
          "cm_std": [
            [0, 0, 0],
            [0, 0, 0],
            [0, 0, 0]
          ],
          "cm_mean_normalized": [
            [0.632333767926988, 0.310299869621904, 0.0573663624511082],
            [0.166253101736973, 0.667493796526055, 0.166253101736973],
            [0.0524515393386545, 0.295324971493729, 0.652223489167617]
          ],
