{
  "benchmark_type": "kfold_plus_full_multiseed",
  "methods": [
    "sent",
    "term",
    "concat",
    "add",
    "mul",
    "cross",
    "gated_concat",
    "bilinear",
    "coattn",
    "late_interaction"
  ],
  "seeds": [42, 43, 44],
  "k_folds": 5,
  "config": {
    "model_name": "roberta-base",
    "fusion_method": "concat",
    "epochs": 10,
    "train_batch_size": 16,
    "eval_batch_size": 32,
    "lr": 0.00002,
    "warmup_ratio": 0.1,
    "dropout": 0.1,
    "freeze_epochs": 3,
    "rolling_k": 3,
    "early_stop_patience": 5,
    "k_folds": 5,
    "seed": 42,
    "max_len_sent": 24,
    "max_len_term": 4,
    "output_dir": "/kaggle/working/A-MoE-ASC/saved_model",
    "output_name": "phase1_locked_baseline",
    "verbose_report": false,
    "train_full_only": false,
    "head_type": "linear",
    "do_ensemble_logits": true,
    "loss_type": "weighted_ce",
    "class_weights": "1.0,1.6,1.2",
    "focal_gamma": 2
  },
  "runs": {
    "sent": [
      {
        "fusion_method": "sent",
        "seed": 42,
        "cv_val_f1_folds": [0.705637529983935, 0.795097351175553, 0.745030136946695, 0.717220514321964, 0.734341634191934],
        "cv_test_f1_folds": [0.73828349944629, 0.712745914077872, 0.754778788278195, 0.724086677285543, 0.724284680642834],
        "cv_val_f1_mean": 0.739465433324016,
        "cv_val_f1_std": 0.0346095831872766,
        "cv_test_f1_mean": 0.730835911946147,
        "cv_test_f1_std": 0.0161589503804522,
        "cv_val_confusion": {
          "cm_mean": [
            [122.4, 18.8, 12.2],
            [16.4, 49.6, 14.6],
            [11, 21.2, 143.2]
          ],
          "cm_std": [
            [5.85662018573853, 5.89067059000926, 0.447213595499958],
            [3.64691650576209, 6.34822809924155, 5.41294744108974],
            [3.67423461417477, 5.40370243444252, 7.91833315793166]
          ],
          "cm_mean_normalized": [
            [0.797913950456323, 0.122555410691004, 0.0795306388526727],
            [0.203473945409429, 0.615384615384615, 0.181141439205955],
            [0.0627137970353478, 0.120866590649943, 0.816419612314709]
          ],
          "cm_std_normalized": [
            [0.0381787495810856, 0.0384007209257448, 0.0029153428650584],
            [0.0452471030491575, 0.078762135226322, 0.0671581568373417],
            [0.0209477458048732, 0.0308078816102766, 0.045144430774981]
          ]
        },
        "cv_val_oof_ens_acc": 0.76990718124084,
        "cv_val_oof_ens_f1": 0.739805043791178,
        "cv_val_oof_ens_confusion": {
          "cm_mean": [
            [612, 94, 61],
            [82, 248, 73],
            [55, 106, 716]
          ],
          "cm_std": [
            [0, 0, 0],
            [0, 0, 0],
            [0, 0, 0]
          ],
          "cm_mean_normalized": [
            [0.797913950456323, 0.122555410691004, 0.0795306388526728],
            [0.203473945409429, 0.615384615384615, 0.181141439205955],
            [0.0627137970353478, 0.120866590649943, 0.816419612314709]
          ],
          "cm_std_normalized": [
            [0, 0, 0],
            [0, 0, 0],
            [0, 0, 0]
          ]
        },
        "cv_test_ens_acc": 0.77602523659306,
        "cv_test_ens_f1": 0.728547212052096,
        "cv_test_ens_confusion": {
          "cm_mean": [
            [105, 10, 11],
            [47, 84, 36],
            [14, 24, 303]
          ],
          "cm_std": [
            [0, 0, 0],
            [0, 0, 0],
            [0, 0, 0]
          ],
          "cm_mean_normalized": [
            [0.833333333333333, 0.0793650793650794, 0.0873015873015873],
            [0.281437125748503, 0.502994011976048, 0.215568862275449],
            [0.0410557184750733, 0.0703812316715543, 0.888563049853372]
          ],
          "cm_std_normalized": [
            [0, 0, 0],
            [0, 0, 0],
            [0, 0, 0]
          ]
        },
        "full_test_acc": 0.77602523659306,
        "full_test_f1": 0.728816640439677
      },
      {
        "fusion_method": "sent",
        "seed": 43,
        "cv_val_f1_folds": [0.73926602279123, 0.72116088331352, 0.731765017411854, 0.770940351159078, 0.775253899453474],
        "cv_test_f1_folds": [0.728154813882667, 0.728725038593541, 0.727475597726069, 0.726191704309107, 0.720393908884974],
        "cv_val_f1_mean": 0.747677234825831,
        "cv_val_f1_std": 0.0241283498294268,
        "cv_test_f1_mean": 0.726188212679272,
        "cv_test_f1_std": 0.00337395668775241,
        "cv_val_confusion": {
          "cm_mean": [
            [122.8, 18.4, 12.2],
            [16.2, 48.8, 15.6],
            [11.4, 16.8, 147.2]
          ],
          "cm_std": [
            [4.02492235949962, 6.94982014155762, 3.56370593624109],
            [3.70135110466435, 3.3466401061363, 4.82700735445887],
            [1.67332005306815, 4.54972526643093, 5.97494769851586]
          ],
          "cm_mean_normalized": [
            [0.800521512385919, 0.119947848761408, 0.0795306388526728],
            [0.200992555831266, 0.60545905707196, 0.193548387096774],
            [0.0649942987457241, 0.0957810718358039, 0.839224629418472]
          ],
          "cm_std_normalized": [
            [0.0262380857855256, 0.0453052160466599, 0.0232314598190423],
            [0.0459224702811954, 0.0415215894061576, 0.0598884287153706],
            [0.00954002310757213, 0.0259391406295948, 0.0340646961146857]
          ]
        },
        "cv_val_oof_ens_acc": 0.778700537371764,
        "cv_val_oof_ens_f1": 0.747187285746846,
        "cv_val_oof_ens_confusion": {
          "cm_mean": [
            [614, 92, 61],
            [81, 244, 78],
            [57, 84, 736]
          ],
          "cm_std": [
            [0, 0, 0],
            [0, 0, 0],
            [0, 0, 0]
          ],
          "cm_mean_normalized": [
            [0.800521512385919, 0.119947848761408, 0.0795306388526728],
            [0.200992555831266, 0.60545905707196, 0.193548387096774],
            [0.0649942987457241, 0.0957810718358039, 0.839224629418472]
          ],
          "cm_std_normalized": [
            [0, 0, 0],
            [0, 0, 0],
            [0, 0, 0]
          ]
        },
        "cv_test_ens_acc": 0.790220820189274,
        "cv_test_ens_f1": 0.74511945646799,
        "cv_test_ens_confusion": {
          "cm_mean": [
            [108, 9, 9],
            [42, 85, 40],
            [12, 21, 308]
          ],
          "cm_std": [
            [0, 0, 0],
            [0, 0, 0],
            [0, 0, 0]
          ],
          "cm_mean_normalized": [
            [0.857142857142857, 0.0714285714285714, 0.0714285714285714],
            [0.251497005988024, 0.508982035928144, 0.239520958083832],
            [0.0351906158357771, 0.06158357771261, 0.903225806451613]
          ],
          "cm_std_normalized": [
            [0, 0, 0],
            [0, 0, 0],
            [0, 0, 0]
          ]
        },
        "full_test_acc": 0.777602523659306,
        "full_test_f1": 0.734240665290175
      },
      {
        "fusion_method": "sent",
        "seed": 44,
        "cv_val_f1_folds": [0.739193556531839, 0.738313904445218, 0.744931150703786, 0.690533799690865, 0.767506173541946],
        "cv_test_f1_folds": [0.723752495573025, 0.729681915711571, 0.752847649730144, 0.728826618312739, 0.7268438195911],
        "cv_val_f1_mean": 0.736095716982731,
        "cv_val_f1_std": 0.0280850803056495,
        "cv_test_f1_mean": 0.732390499783716,
        "cv_test_f1_std": 0.0116609759523888,
        "cv_val_confusion": {
          "cm_mean": [
            [119.2, 20.6, 13.6],
            [15.6, 48.8, 16.2],
            [10.2, 18.6, 146.6]
          ],
          "cm_std": [
            [4.26614580154031, 3.50713558335004, 4.15932686861708],
            [1.51657508881031, 8.04363102087608, 7.01427116670007],
            [5.3103672189407, 3.43511280746353, 7.66811580507233]
          ],
          "cm_mean_normalized": [
            [0.777053455019557, 0.134289439374185, 0.0886571056062581],
            [0.193548387096774, 0.60545905707196, 0.200992555831266],
            [0.0581527936145952, 0.106043329532497, 0.835803876852908]
          ],
          "cm_std_normalized": [
            [0.027810598445504, 0.022862683072686, 0.0271142559883773],
            [0.0188160680993835, 0.0997969109289837, 0.087025696857321],
            [0.030275753813801, 0.0195844515818902, 0.0437178780220771]
          ]
        },
        "cv_val_oof_ens_acc": 0.768441621885686,
        "cv_val_oof_ens_f1": 0.737080210945518,
        "cv_val_oof_ens_confusion": {
          "cm_mean": [
            [596, 103, 68],
            [78, 244, 81],
            [51, 93, 733]
          ],
          "cm_std": [
            [0, 0, 0],
            [0, 0, 0],
            [0, 0, 0]
          ],
          "cm_mean_normalized": [
            [0.777053455019557, 0.134289439374185, 0.0886571056062582],
            [0.193548387096774, 0.60545905707196, 0.200992555831266],
            [0.0581527936145952, 0.106043329532497, 0.835803876852908]
          ],
          "cm_std_normalized": [
            [0, 0, 0],
            [0, 0, 0],
            [0, 0, 0]
          ]
        },
        "cv_test_ens_acc": 0.787066246056782,
        "cv_test_ens_f1": 0.747428914857431,
        "cv_test_ens_confusion": {
          "cm_mean": [
            [108, 9, 9],
            [39, 90, 38],
            [15, 25, 301]
          ],
          "cm_std": [
            [0, 0, 0],
            [0, 0, 0],
            [0, 0, 0]
          ],
          "cm_mean_normalized": [
            [0.857142857142857, 0.0714285714285714, 0.0714285714285714],
            [0.233532934131737, 0.538922155688623, 0.227544910179641],
            [0.0439882697947214, 0.0733137829912024, 0.882697947214076]
          ],
          "cm_std_normalized": [
            [0, 0, 0],
            [0, 0, 0],
            [0, 0, 0]
          ]
        },
        "full_test_acc": 0.777602523659306,
        "full_test_f1": 0.721120358561983
      }
    ],
    "term": [
      {
        "fusion_method": "term",
        "seed": 42,
        "cv_val_f1_folds": [0.505255002607758, 0.507184873738515, 0.5165616682168, 0.465545871325827, 0.490121983458969],
        "cv_test_f1_folds": [0.476960503801126, 0.466302602681223, 0.481434524100367, 0.482526448133535, 0.486125269773768],
        "cv_val_f1_mean": 0.496933879869574,
        "cv_val_f1_std": 0.0199448179195725,
        "cv_test_f1_mean": 0.478669869698004,
        "cv_test_f1_std": 0.0076480508418385,
        "cv_val_confusion": {
          "cm_mean": [
            [72, 28.2, 53.2],
            [26.6, 24, 30],
            [26.4, 20.6, 128.4]
          ],
          "cm_std": [
            [6.6332495807108, 5.35723809439155, 5.97494769851586],
            [3.78153408023781, 4.58257569495584, 3.80788655293195],
            [9.44986772394196, 5.81377674149945, 11.9707978013163]
          ],
          "cm_mean_normalized": [
            [0.469361147327249, 0.183833116036506, 0.346805736636245],
            [0.330024813895782, 0.297766749379653, 0.372208436724566],
            [0.150513112884835, 0.117445838084379, 0.732041049030787]
          ],
          "cm_std_normalized": [
            [0.0432415226904224, 0.0349233252567898, 0.0389501153749404],
            [0.0469172962808661, 0.0568557778530501, 0.0472442500363766],
            [0.0538760987681982, 0.0331458195068384, 0.0682485621511764]
          ]
        },
        "cv_val_oof_ens_acc": 0.548119198827553,
        "cv_val_oof_ens_f1": 0.497904900778237,
        "cv_val_oof_ens_confusion": {
          "cm_mean": [
            [360, 141, 266],
            [133, 120, 150],
            [132, 103, 642]
          ],
          "cm_std": [
            [0, 0, 0],
            [0, 0, 0],
            [0, 0, 0]
          ],
          "cm_mean_normalized": [
            [0.469361147327249, 0.183833116036506, 0.346805736636245],
            [0.330024813895782, 0.297766749379653, 0.372208436724566],
            [0.150513112884835, 0.117445838084379, 0.732041049030787]
          ],
          "cm_std_normalized": [
            [0, 0, 0],
            [0, 0, 0],
            [0, 0, 0]
          ]
        },
        "cv_test_ens_acc": 0.561514195583596,
        "cv_test_ens_f1": 0.484455778555797,
        "cv_test_ens_confusion": {
          "cm_mean": [
            [48, 26, 52],
            [54, 56, 57],
            [57, 32, 252]
          ],
          "cm_std": [
            [0, 0, 0],
            [0, 0, 0],
            [0, 0, 0]
          ],
          "cm_mean_normalized": [
            [0.380952380952381, 0.206349206349206, 0.412698412698413],
            [0.323353293413174, 0.335329341317365, 0.341317365269461],
            [0.167155425219941, 0.093841642228739, 0.73900293255132]
          ],
          "cm_std_normalized": [
            [0, 0, 0],
            [0, 0, 0],
            [0, 0, 0]
          ]
        },
        "full_test_acc": 0.567823343848581,
        "full_test_f1": 0.489283286742407
      },
      {
        "fusion_method": "term",
        "seed": 43,
        "cv_val_f1_folds": [0.471945943784735, 0.47432582786359, 0.472619598765432, 0.518882530942442, 0.512893518565827],
        "cv_test_f1_folds": [0.455569468490551, 0.485059371420721, 0.498573099386749, 0.476106075691512, 0.524449277987247],
        "cv_val_f1_mean": 0.490133483984405,
        "cv_val_f1_std": 0.0236216619925167,
        "cv_test_f1_mean": 0.487951458595356,
        "cv_test_f1_std": 0.0257010730368235,
        "cv_val_confusion": {
          "cm_mean": [
            [68.8, 29.6, 55],
            [23.4, 25.8, 31.4],
            [29.8, 21.4, 124.2]
          ],
          "cm_std": [
            [6.57267069006199, 4.27784992724149, 6.89202437604511],
            [6.18869937870632, 3.03315017762062, 9.63327566303384],
            [4.08656334834051, 4.56070170039655, 2.94957624075053]
          ],
          "cm_mean_normalized": [
            [0.448500651890482, 0.192959582790091, 0.358539765319426],
            [0.290322580645161, 0.320099255583127, 0.389578163771712],
            [0.169897377423033, 0.122006841505131, 0.708095781071836]
          ],
          "cm_std_normalized": [
            [0.04284661466794, 0.027886896526998, 0.0449284509520542],
            [0.0767828707035524, 0.037632136198767, 0.119519549169154],
            [0.0232985367636289, 0.0260017200706759, 0.016816284154792]
          ]
        },
        "cv_val_oof_ens_acc": 0.534440644846116,
        "cv_val_oof_ens_f1": 0.490329133241261,
        "cv_val_oof_ens_confusion": {
          "cm_mean": [
            [344, 148, 275],
            [117, 129, 157],
            [149, 107, 621]
          ],
          "cm_std": [
            [0, 0, 0],
            [0, 0, 0],
            [0, 0, 0]
          ],
          "cm_mean_normalized": [
            [0.448500651890482, 0.192959582790091, 0.358539765319426],
            [0.290322580645161, 0.320099255583127, 0.389578163771712],
            [0.169897377423033, 0.122006841505131, 0.708095781071836]
          ],
          "cm_std_normalized": [
            [0, 0, 0],
            [0, 0, 0],
            [0, 0, 0]
          ]
        },
        "cv_test_ens_acc": 0.572555205047319,
        "cv_test_ens_f1": 0.494648247892508,
        "cv_test_ens_confusion": {
          "cm_mean": [
            [47, 22, 57],
            [54, 59, 54],
            [54, 30, 257]
          ],
          "cm_std": [
            [0, 0, 0],
            [0, 0, 0],
            [0, 0, 0]
          ],
          "cm_mean_normalized": [
            [0.373015873015873, 0.174603174603175, 0.452380952380952],
            [0.323353293413174, 0.353293413173653, 0.323353293413174],
            [0.158357771260997, 0.0879765395894428, 0.75366568914956]
          ],
          "cm_std_normalized": [
            [0, 0, 0],
            [0, 0, 0],
            [0, 0, 0]
          ]
        },
        "full_test_acc": 0.570977917981073,
        "full_test_f1": 0.491066795284972
      },
      {
        "fusion_method": "term",
        "seed": 44,
        "cv_val_f1_folds": [0.503331329246188, 0.452609034068568, 0.486003862285868, 0.49863936165306, 0.505034249189385],
        "cv_test_f1_folds": [0.476756767689025, 0.443102024545118, 0.473352451125467, 0.45400862806553, 0.443943994601889],
        "cv_val_f1_mean": 0.489123567288614,
        "cv_val_f1_std": 0.0217290378086504,
        "cv_test_f1_mean": 0.458232773205406,
        "cv_test_f1_std": 0.015989802869324,
        "cv_val_confusion": {
          "cm_mean": [
            [72.8, 26.2, 54.4],
            [25.4, 23.6, 31.6],
            [34.6, 17.8, 123]
          ],
          "cm_std": [
            [3.96232255123179, 5.84807660688538, 8.14248119432891],
            [3.50713558335004, 3.286335345031, 4.09878030638384],
            [8.70631954387157, 2.77488738510232, 6.81909084849293]
          ],
          "cm_mean_normalized": [
            [0.474576271186441, 0.170795306388527, 0.354628422425033],
            [0.315136476426799, 0.292803970223325, 0.392059553349876],
            [0.197263397947548, 0.101482326111745, 0.701254275940707]
          ],
          "cm_std_normalized": [
            [0.0258300035934276, 0.0381230548036856, 0.0530800599369551],
            [0.0435128484286605, 0.0407733913775558, 0.0508533536772189],
            [0.0496369415272039, 0.0158203385695685, 0.0388773708579984]
          ]
        },
        "cv_val_oof_ens_acc": 0.53590620420127,
        "cv_val_oof_ens_f1": 0.489060685316792,
        "cv_val_oof_ens_confusion": {
          "cm_mean": [
            [364, 131, 272],
            [127, 118, 158],
            [173, 89, 615]
          ],
          "cm_std": [
            [0, 0, 0],
            [0, 0, 0],
            [0, 0, 0]
          ],
          "cm_mean_normalized": [
            [0.474576271186441, 0.170795306388527, 0.354628422425033],
            [0.315136476426799, 0.292803970223325, 0.392059553349876],
            [0.197263397947548, 0.101482326111745, 0.701254275940707]
          ],
          "cm_std_normalized": [
            [0, 0, 0],
            [0, 0, 0],
            [0, 0, 0]
          ]
        },
        "cv_test_ens_acc": 0.555205047318612,
        "cv_test_ens_f1": 0.465854848726821,
        "cv_test_ens_confusion": {
          "cm_mean": [
            [48, 25, 53],
            [60, 45, 62],
            [55, 27, 259]
          ],
          "cm_std": [
            [0, 0, 0],
            [0, 0, 0],
            [0, 0, 0]
          ],
          "cm_mean_normalized": [
            [0.380952380952381, 0.198412698412698, 0.420634920634921],
            [0.359281437125749, 0.269461077844311, 0.37125748502994],
            [0.161290322580645, 0.0791788856304985, 0.759530791788856]
          ],
          "cm_std_normalized": [
            [0, 0, 0],
            [0, 0, 0],
            [0, 0, 0]
          ]
        },
        "full_test_acc": 0.54416403785489,
        "full_test_f1": 0.477658064652593
      }
    ],
    "concat": [
      {
        "fusion_method": "concat",
        "seed": 42,
        "cv_val_f1_folds": [0.71424068472664, 0.790513280115235, 0.759682095888993, 0.7427660093041, 0.759796153975028],
        "cv_test_f1_folds": [0.724324358057184, 0.706315558740878, 0.743978618446413, 0.699604719997236, 0.709681362291223],
        "cv_val_f1_mean": 0.753399644801999,
        "cv_val_f1_std": 0.027858144255813,
        "cv_test_f1_mean": 0.716780923506587,
        "cv_test_f1_std": 0.0176887507401147,
        "cv_val_confusion": {
          "cm_mean": [
            [125.8, 14, 13.6],
            [16, 48.6, 16],
            [10.4, 18, 147]
          ],
          "cm_std": [
            [5.16720427310553, 5.1478150704935, 2.96647939483827],
            [3.3166247903554, 6.26897120746299, 4.74341649025257],
            [4.4497190922574, 4.41588043316392, 7.44983221287567]
          ],
          "cm_mean_normalized": [
            [0.820078226857888, 0.091264667535854, 0.0886571056062581],
            [0.198511166253102, 0.602977667493797, 0.198511166253102],
            [0.0592930444697834, 0.102622576966933, 0.838084378563284]
          ],
          "cm_std_normalized": [
            [0.0336845128624871, 0.0335581164960463, 0.0193381968372768],
            [0.0411491909473375, 0.0777787991000371, 0.0588513212190145],
            [0.0253689800014675, 0.0251760572016187, 0.0424733877586982]
          ]
        },
        "cv_val_oof_ens_acc": 0.78505129457743,
        "cv_val_oof_ens_f1": 0.75383445651348,
        "cv_val_oof_ens_confusion": {
          "cm_mean": [
            [629, 70, 68],
            [80, 243, 80],
            [52, 90, 735]
          ],
          "cm_std": [
            [0, 0, 0],
            [0, 0, 0],
            [0, 0, 0]
          ],
          "cm_mean_normalized": [
            [0.820078226857888, 0.091264667535854, 0.0886571056062582],
            [0.198511166253102, 0.602977667493797, 0.198511166253102],
            [0.0592930444697834, 0.102622576966933, 0.838084378563284]
          ],
          "cm_std_normalized": [
            [0, 0, 0],
            [0, 0, 0],
            [0, 0, 0]
          ]
        },
        "cv_test_ens_acc": 0.78391167192429,
        "cv_test_ens_f1": 0.734509757170979,
        "cv_test_ens_confusion": {
          "cm_mean": [
            [110, 5, 11],
            [46, 78, 43],
            [13, 19, 309]
          ],
          "cm_std": [
            [0, 0, 0],
            [0, 0, 0],
            [0, 0, 0]
          ],
          "cm_mean_normalized": [
            [0.873015873015873, 0.0396825396825397, 0.0873015873015873],
            [0.275449101796407, 0.467065868263473, 0.25748502994012],
            [0.0381231671554252, 0.0557184750733138, 0.906158357771261]
          ],
          "cm_std_normalized": [
            [0, 0, 0],
            [0, 0, 0],
            [0, 0, 0]
          ]
        },
        "full_test_acc": 0.777602523659306,
        "full_test_f1": 0.734613510372891
      },
      {
        "fusion_method": "concat",
        "seed": 43,
        "cv_val_f1_folds": [0.750937091886342, 0.755897238824886, 0.737876248034528, 0.757614417355714, 0.750252154777187],
        "cv_test_f1_folds": [0.718866686408374, 0.729695364639869, 0.732178435056627, 0.715897212090984, 0.72739695605335],
        "cv_val_f1_mean": 0.750515430175731,
        "cv_val_f1_std": 0.00773555946667484,
        "cv_test_f1_mean": 0.724806930849841,
        "cv_test_f1_std": 0.00706423531125755,
        "cv_val_confusion": {
          "cm_mean": [
            [124, 17.6, 11.8],
            [17.2, 48, 15.4],
            [10.6, 16, 148.8]
          ],
          "cm_std": [
            [5.24404424085076, 4.82700735445887, 3.11448230047949],
            [3.27108544675923, 1.4142135623731, 2.96647939483827],
            [2.30217288664427, 2.64575131106459, 4.08656334834051]
          ],
          "cm_mean_normalized": [
            [0.808344198174707, 0.114732724902216, 0.0769230769230769],
            [0.213399503722084, 0.595533498759305, 0.19106699751861],
            [0.0604332953249715, 0.0912200684150513, 0.848346636259977]
          ],
          "cm_std_normalized": [
            [0.0341854252988967, 0.031466801528415, 0.0203030136928259],
            [0.0405841866843576, 0.0175460739748523, 0.0368049552709462],
            [0.0131252730139354, 0.0150841009752827, 0.0232985367636289]
          ]
        },
        "cv_val_oof_ens_acc": 0.783585735222277,
        "cv_val_oof_ens_f1": 0.750447311396041,
        "cv_val_oof_ens_confusion": {
          "cm_mean": [
            [620, 88, 59],
            [86, 240, 77],
            [53, 80, 744]
          ],
          "cm_std": [
            [0, 0, 0],
            [0, 0, 0],
            [0, 0, 0]
          ],
          "cm_mean_normalized": [
            [0.808344198174707, 0.114732724902216, 0.0769230769230769],
            [0.213399503722084, 0.595533498759305, 0.19106699751861],
            [0.0604332953249715, 0.0912200684150513, 0.848346636259977]
          ],
          "cm_std_normalized": [
            [0, 0, 0],
            [0, 0, 0],
            [0, 0, 0]
          ]
        },
        "cv_test_ens_acc": 0.782334384858044,
        "cv_test_ens_f1": 0.734028170879057,
        "cv_test_ens_confusion": {
          "cm_mean": [
            [110, 8, 8],
            [44, 79, 44],
            [14, 20, 307]
          ],
          "cm_std": [
            [0, 0, 0],
            [0, 0, 0],
            [0, 0, 0]
          ],
          "cm_mean_normalized": [
            [0.873015873015873, 0.0634920634920635, 0.0634920634920635],
            [0.263473053892216, 0.473053892215569, 0.263473053892216],
            [0.0410557184750733, 0.0586510263929619, 0.900293255131965]
          ],
          "cm_std_normalized": [
            [0, 0, 0],
            [0, 0, 0],
            [0, 0, 0]
          ]
        },
        "full_test_acc": 0.78391167192429,
        "full_test_f1": 0.733267766324046
      },
      {
        "fusion_method": "concat",
        "seed": 44,
        "cv_val_f1_folds": [0.741367139907404, 0.762078147764905, 0.755183555867178, 0.730065190332729, 0.765150601676889],
        "cv_test_f1_folds": [0.742056829944239, 0.744176720659726, 0.752203301006574, 0.723371692678037, 0.710167484183089],
        "cv_val_f1_mean": 0.750768927109821,
        "cv_val_f1_std": 0.0147585424532571,
        "cv_test_f1_mean": 0.734395205694333,
        "cv_test_f1_std": 0.0171756157725253,
        "cv_val_confusion": {
          "cm_mean": [
            [123.4, 17.2, 12.8],
            [16.2, 49.8, 14.6],
            [11.4, 17.4, 146.6]
          ],
          "cm_std": [
            [3.36154726279432, 2.04939015319192, 3.83405790253616],
            [2.28035085019828, 4.86826457785524, 3.20936130717624],
            [5.31977443130815, 2.60768096208106, 7.70064932327138]
          ],
          "cm_mean_normalized": [
            [0.804432855280313, 0.112125162972621, 0.0834419817470665],
            [0.200992555831266, 0.617866004962779, 0.181141439205955],
            [0.0649942987457241, 0.0992018244013683, 0.835803876852908]
          ],
          "cm_std_normalized": [
            [0.0219136066674988, 0.0133597793558795, 0.0249938585562983],
            [0.0282921941711945, 0.0604003049361692, 0.0398183785009459],
            [0.0303293867235357, 0.0148670522353538, 0.0439033598818209]
          ]
        },
        "cv_val_oof_ens_acc": 0.78114313629702,
        "cv_val_oof_ens_f1": 0.7511881642429,
        "cv_val_oof_ens_confusion": {
          "cm_mean": [
            [617, 86, 64],
            [81, 249, 73],
            [57, 87, 733]
          ],
          "cm_std": [
            [0, 0, 0],
            [0, 0, 0],
            [0, 0, 0]
          ],
          "cm_mean_normalized": [
            [0.804432855280313, 0.112125162972621, 0.0834419817470665],
            [0.200992555831266, 0.617866004962779, 0.181141439205955],
            [0.0649942987457241, 0.0992018244013683, 0.835803876852908]
          ],
          "cm_std_normalized": [
            [0, 0, 0],
            [0, 0, 0],
            [0, 0, 0]
          ]
        },
        "cv_test_ens_acc": 0.777602523659306,
        "cv_test_ens_f1": 0.729919949934943,
        "cv_test_ens_confusion": {
          "cm_mean": [
            [109, 7, 10],
            [46, 80, 41],
            [15, 22, 304]
          ],
          "cm_std": [
            [0, 0, 0],
            [0, 0, 0],
            [0, 0, 0]
          ],
          "cm_mean_normalized": [
            [0.865079365079365, 0.0555555555555556, 0.0793650793650794],
            [0.275449101796407, 0.479041916167665, 0.245508982035928],
            [0.0439882697947214, 0.0645161290322581, 0.891495601173021]
          ],
          "cm_std_normalized": [
            [0, 0, 0],
            [0, 0, 0],
            [0, 0, 0]
          ]
        },
        "full_test_acc": 0.788643533123028,
        "full_test_f1": 0.741434959733331
      }
    ],
    "add": [
      {
        "fusion_method": "add",
        "seed": 42,
        "cv_val_f1_folds": [0.721101582566907, 0.807764859226569, 0.741219950496728, 0.706268274764891, 0.715606299414395],
        "cv_test_f1_folds": [0.727035669609169, 0.717887051220385, 0.736984833634565, 0.735240439940765, 0.729046547667682],
        "cv_val_f1_mean": 0.738392193293898,
        "cv_val_f1_std": 0.040837088872319,
        "cv_test_f1_mean": 0.729238908414513,
        "cv_test_f1_std": 0.00757914348428324,
        "cv_val_confusion": {
          "cm_mean": [
            [123, 16.8, 13.6],
            [16.4, 47, 17.2],
            [10.6, 18.8, 146]
          ],
          "cm_std": [
            [7.48331477354788, 5.3103672189407, 3.20936130717624],
            [2.30217288664427, 5.95818764390649, 4.96990945591567],
            [4.72228758124704, 5.35723809439155, 8.94427190999916]
          ],
          "cm_mean_normalized": [
            [0.801825293350717, 0.109517601043025, 0.0886571056062581],
            [0.203473945409429, 0.583126550868486, 0.213399503722084],
            [0.0604332953249715, 0.107183580387685, 0.832383124287343]
          ],
          "cm_std_normalized": [
            [0.0487830167767137, 0.0346177784807086, 0.0209215209072767],
            [0.0285629390402515, 0.0739229236216687, 0.0616614076416336],
            [0.0269229622648064, 0.0305429765928823, 0.0509935684720591]
          ]
        },
        "cv_val_oof_ens_acc": 0.771861260381045,
        "cv_val_oof_ens_f1": 0.738621864173022,
        "cv_val_oof_ens_confusion": {
          "cm_mean": [
            [615, 84, 68],
            [82, 235, 86],
            [53, 94, 730]
          ],
          "cm_std": [
            [0, 0, 0],
            [0, 0, 0],
            [0, 0, 0]
          ],
          "cm_mean_normalized": [
            [0.801825293350717, 0.109517601043025, 0.0886571056062582],
            [0.203473945409429, 0.583126550868486, 0.213399503722084],
            [0.0604332953249715, 0.107183580387685, 0.832383124287343]
          ],
          "cm_std_normalized": [
            [0, 0, 0],
            [0, 0, 0],
            [0, 0, 0]
          ]
        },
        "cv_test_ens_acc": 0.790220820189274,
        "cv_test_ens_f1": 0.748447791815139,
        "cv_test_ens_confusion": {
          "cm_mean": [
            [106, 10, 10],
            [43, 92, 32],
            [13, 25, 303]
          ],
          "cm_std": [
            [0, 0, 0],
            [0, 0, 0],
            [0, 0, 0]
          ],
          "cm_mean_normalized": [
            [0.841269841269841, 0.0793650793650794, 0.0793650793650794],
            [0.25748502994012, 0.550898203592814, 0.191616766467066],
            [0.0381231671554252, 0.0733137829912024, 0.888563049853372]
          ],
          "cm_std_normalized": [
            [0, 0, 0],
            [0, 0, 0],
            [0, 0, 0]
          ]
        },
        "full_test_acc": 0.76813880126183,
        "full_test_f1": 0.713745571226675
      },
      {
        "fusion_method": "add",
        "seed": 43,
        "cv_val_f1_folds": [0.763113873097894, 0.749134620547977, 0.72307657630588, 0.748137982336922, 0.748941480073556],
        "cv_test_f1_folds": [0.698716631009359, 0.734131640919554, 0.732301768755185, 0.724818878347696, 0.700964901910859],
        "cv_val_f1_mean": 0.746480906472446,
        "cv_val_f1_std": 0.0144936259315146,
        "cv_test_f1_mean": 0.718186764188531,
        "cv_test_f1_std": 0.0171255365786752,
        "cv_val_confusion": {
          "cm_mean": [
            [124.8, 16.8, 11.8],
            [17.2, 47, 16.4],
            [11.8, 16, 147.6]
          ],
          "cm_std": [
            [8.75785361832453, 8.61394218694321, 3.42052627529741],
            [4.86826457785524, 2, 3.84707681233427],
            [3.96232255123179, 2.44948974278318, 2.88097205817759]
          ],
          "cm_mean_normalized": [
            [0.813559322033898, 0.109517601043025, 0.0769230769230769],
            [0.213399503722084, 0.583126550868486, 0.203473945409429],
            [0.0672748004561004, 0.0912200684150513, 0.841505131128848]
          ],
          "cm_std_normalized": [
            [0.0570916142002903, 0.0561534692760314, 0.0222980852366194],
            [0.0604003049361692, 0.0248138957816377, 0.0477304815426088],
            [0.0225902083878665, 0.0139651638699155, 0.0164251542655507]
          ]
        },
        "cv_val_oof_ens_acc": 0.780166096726917,
        "cv_val_oof_ens_f1": 0.746360536585643,
        "cv_val_oof_ens_confusion": {
          "cm_mean": [
            [624, 84, 59],
            [86, 235, 82],
            [59, 80, 738]
          ],
          "cm_std": [
            [0, 0, 0],
            [0, 0, 0],
            [0, 0, 0]
          ],
          "cm_mean_normalized": [
            [0.813559322033898, 0.109517601043025, 0.0769230769230769],
            [0.213399503722084, 0.583126550868486, 0.203473945409429],
            [0.0672748004561004, 0.0912200684150513, 0.841505131128848]
          ],
          "cm_std_normalized": [
            [0, 0, 0],
            [0, 0, 0],
            [0, 0, 0]
          ]
        },
        "cv_test_ens_acc": 0.771293375394322,
        "cv_test_ens_f1": 0.714826508075453,
        "cv_test_ens_confusion": {
          "cm_mean": [
            [109, 6, 11],
            [48, 70, 49],
            [14, 17, 310]
          ],
          "cm_std": [
            [0, 0, 0],
            [0, 0, 0],
            [0, 0, 0]
          ],
          "cm_mean_normalized": [
            [0.865079365079365, 0.0476190476190476, 0.0873015873015873],
            [0.287425149700599, 0.419161676646707, 0.293413173652695],
            [0.0410557184750733, 0.0498533724340176, 0.909090909090909]
          ],
          "cm_std_normalized": [
            [0, 0, 0],
            [0, 0, 0],
            [0, 0, 0]
          ]
        },
        "full_test_acc": 0.779179810725552,
        "full_test_f1": 0.728003485074513
      },
      {
        "fusion_method": "add",
        "seed": 44,
        "cv_val_f1_folds": [0.735445292307132, 0.74072139366257, 0.754410466918658, 0.740217617091092, 0.754312104266442],
        "cv_test_f1_folds": [0.714279303571785, 0.742130634540199, 0.726082509489289, 0.728194757272248, 0.714891996006118],
        "cv_val_f1_mean": 0.745021374849179,
        "cv_val_f1_std": 0.00877125969644089,
        "cv_test_f1_mean": 0.725115840175928,
        "cv_test_f1_std": 0.0114222909532996,
        "cv_val_confusion": {
          "cm_mean": [
            [125, 17.2, 11.2],
            [18, 46.6, 16],
            [11.2, 16.4, 147.8]
          ],
          "cm_std": [
            [5.04975246918104, 4.08656334834051, 3.76828873628335],
            [3.16227766016838, 4.33589667773576, 2.91547594742265],
            [5.40370243444252, 5.31977443130815, 8.04363102087608]
          ],
          "cm_mean_normalized": [
            [0.814863102998696, 0.112125162972621, 0.0730117340286832],
            [0.223325062034739, 0.578163771712159, 0.198511166253102],
            [0.0638540478905359, 0.0935005701254276, 0.842645381984037]
          ],
          "cm_std_normalized": [
            [0.0329188557312975, 0.0266399175250359, 0.0245651156211431],
            [0.0392342141460097, 0.0537952441406422, 0.0361721581566086],
            [0.0308078816102766, 0.0303293867235357, 0.0458587857518591]
          ]
        },
        "cv_val_oof_ens_acc": 0.780166096726917,
        "cv_val_oof_ens_f1": 0.745317706377589,
        "cv_val_oof_ens_confusion": {
          "cm_mean": [
            [625, 86, 56],
            [90, 233, 80],
            [56, 82, 739]
          ],
          "cm_std": [
            [0, 0, 0],
            [0, 0, 0],
            [0, 0, 0]
          ],
          "cm_mean_normalized": [
            [0.814863102998696, 0.112125162972621, 0.0730117340286832],
            [0.223325062034739, 0.578163771712159, 0.198511166253102],
            [0.0638540478905359, 0.0935005701254276, 0.842645381984037]
          ],
          "cm_std_normalized": [
            [0, 0, 0],
            [0, 0, 0],
            [0, 0, 0]
          ]
        },
        "cv_test_ens_acc": 0.785488958990536,
        "cv_test_ens_f1": 0.740284869486865,
        "cv_test_ens_confusion": {
          "cm_mean": [
            [109, 7, 10],
            [45, 84, 38],
            [13, 23, 305]
          ],
          "cm_std": [
            [0, 0, 0],
            [0, 0, 0],
            [0, 0, 0]
          ],
          "cm_mean_normalized": [
            [0.865079365079365, 0.0555555555555556, 0.0793650793650794],
            [0.269461077844311, 0.502994011976048, 0.227544910179641],
            [0.0381231671554252, 0.0674486803519062, 0.894428152492669]
          ],
          "cm_std_normalized": [
            [0, 0, 0],
            [0, 0, 0],
            [0, 0, 0]
          ]
        },
        "full_test_acc": 0.790220820189274,
        "full_test_f1": 0.743861007596369
      }
    ],
    "mul": [
      {
        "fusion_method": "mul",
        "seed": 42,
        "cv_val_f1_folds": [0.718961512421819, 0.182033096926714, 0.727516821063783, 0.737484913164375, 0.720164307063566],
        "cv_test_f1_folds": [0.739284119502428, 0.110526315789474, 0.702946263923613, 0.729599379843668, 0.708564545508671],
        "cv_val_f1_mean": 0.617232130128051,
        "cv_val_f1_std": 0.243395533880916,
        "cv_test_f1_mean": 0.598184124913571,
        "cv_test_f1_std": 0.273014770443717,
        "cv_val_confusion": {
          "cm_mean": [
            [129.6, 15.8, 8],
            [29.4, 39, 12.2],
            [44.6, 20.8, 110]
          ],
          "cm_std": [
            [13.9570770578943, 8.98331787259028, 4.84767985741633],
            [28.9965515191031, 22.2373559579371, 7.75886589650833],
            [72.9026748480466, 12.5578660607605, 61.648195431821]
          ],
          "cm_mean_normalized": [
            [0.844850065189048, 0.102998696219035, 0.0521512385919166],
            [0.364764267990074, 0.483870967741935, 0.15136476426799],
            [0.254275940706956, 0.118586088939567, 0.627137970353478]
          ],
          "cm_std_normalized": [
            [0.0909848569615014, 0.0585613942150605, 0.0316015636076684],
            [0.359758703710957, 0.275897716599716, 0.0962638448698304],
            [0.415636686704941, 0.0715955875756014, 0.351472037809698]
          ]
        },
        "cv_val_oof_ens_acc": 0.680508060576453,
        "cv_val_oof_ens_f1": 0.648435167753542,
        "cv_val_oof_ens_confusion": {
          "cm_mean": [
            [648, 79, 40],
            [147, 195, 61],
            [223, 104, 550]
          ],
          "cm_std": [
            [0, 0, 0],
            [0, 0, 0],
            [0, 0, 0]
          ],
          "cm_mean_normalized": [
            [0.844850065189048, 0.102998696219035, 0.0521512385919166],
            [0.364764267990074, 0.483870967741936, 0.15136476426799],
            [0.254275940706956, 0.118586088939567, 0.627137970353478]
          ],
          "cm_std_normalized": [
            [0, 0, 0],
            [0, 0, 0],
            [0, 0, 0]
          ]
        },
        "cv_test_ens_acc": 0.779179810725552,
        "cv_test_ens_f1": 0.736981121693531,
        "cv_test_ens_confusion": {
          "cm_mean": [
            [106, 14, 6],
            [44, 91, 32],
            [17, 27, 297]
          ],
          "cm_std": [
            [0, 0, 0],
            [0, 0, 0],
            [0, 0, 0]
          ],
          "cm_mean_normalized": [
            [0.841269841269841, 0.111111111111111, 0.0476190476190476],
            [0.263473053892216, 0.544910179640719, 0.191616766467066],
            [0.0498533724340176, 0.0791788856304985, 0.870967741935484]
          ],
          "cm_std_normalized": [
            [0, 0, 0],
            [0, 0, 0],
            [0, 0, 0]
          ]
        },
        "full_test_acc": 0.764984227129338,
        "full_test_f1": 0.711103411103411
      },
      {
        "fusion_method": "mul",
        "seed": 43,
