{
  "benchmark_type": "kfold_plus_full_multiseed",
  "methods": [
    "sent",
    "term",
    "concat",
    "add",
    "mul",
    "cross",
    "gated_concat",
    "bilinear",
    "coattn",
    "late_interaction"
  ],
  "seeds": [42, 43, 44],
  "k_folds": 5,
  "config": {
    "model_name": "roberta-base",
    "fusion_method": "concat",
    "epochs": 10,
    "train_batch_size": 16,
    "eval_batch_size": 32,
    "lr": 0.00002,
    "warmup_ratio": 0.1,
    "dropout": 0.1,
    "freeze_epochs": 3,
    "rolling_k": 3,
    "early_stop_patience": 5,
    "k_folds": 5,
    "seed": 42,
    "max_len_sent": 24,
    "max_len_term": 4,
    "output_dir": "/kaggle/working/A-MoE-ASC/saved_model",
    "output_name": "phase1_locked_baseline",
    "verbose_report": false,
    "train_full_only": false,
    "head_type": "linear",
    "do_ensemble_logits": true,
    "loss_type": "focal",
    "class_weights": "1.0,1.6,1.2",
    "focal_gamma": 2
  },
  "runs": {
    "sent": [
      {
        "fusion_method": "sent",
        "seed": 42,
        "cv_val_f1_folds": [0.711395606062353, 0.782180569501203, 0.745500765259116, 0.711996289111917, 0.743027788015166],
        "cv_test_f1_folds": [0.751970337503444, 0.716512708393499, 0.751313518500628, 0.743875702457808, 0.742708723675441],
        "cv_val_f1_mean": 0.738820203589951,
        "cv_val_f1_std": 0.0292150900235824,
        "cv_test_f1_mean": 0.741276198106164,
        "cv_test_f1_std": 0.0144667929521345,
        "cv_val_confusion": {
          "cm_mean": [
            [121.6, 22.4, 9.4],
            [15.2, 52.4, 13],
            [12, 23.8, 139.6]
          ],
          "cm_std": [
            [9.09945053286186, 8.96102672688794, 1.51657508881031],
            [4.38178046004133, 5.41294744108974, 2.91547594742265],
            [3.60555127546399, 7.46324326281812, 8.82043082847998]
          ],
          "cm_mean_normalized": [
            [0.792698826597132, 0.146023468057366, 0.061277705345502],
            [0.188585607940447, 0.650124069478908, 0.161290322580645],
            [0.0684150513112885, 0.135689851767389, 0.795895096921323]
          ],
          "cm_std_normalized": [
            [0.0593184519743276, 0.0584160803578093, 0.00988640866238794],
            [0.0543645218367411, 0.0671581568373417, 0.0361721581566086],
            [0.0205561646263625, 0.0425498475645275, 0.0502875189765107]
          ]
        },
        "cv_val_oof_ens_acc": 0.76599902296043,
        "cv_val_oof_ens_f1": 0.739030310195757,
        "cv_val_oof_ens_confusion": {
          "cm_mean": [
            [608, 112, 47],
            [76, 262, 65],
            [60, 119, 698]
          ],
          "cm_std": [
            [0, 0, 0],
            [0, 0, 0],
            [0, 0, 0]
          ],
          "cm_mean_normalized": [
            [0.792698826597132, 0.146023468057366, 0.061277705345502],
            [0.188585607940447, 0.650124069478908, 0.161290322580645],
            [0.0684150513112885, 0.135689851767389, 0.795895096921323]
          ],
          "cm_std_normalized": [
            [0, 0, 0],
            [0, 0, 0],
            [0, 0, 0]
          ]
        },
        "cv_test_ens_acc": 0.801261829652997,
        "cv_test_ens_f1": 0.765877259994907,
        "cv_test_ens_confusion": {
          "cm_mean": [
            [105, 13, 8],
            [35, 102, 30],
            [14, 26, 301]
          ],
          "cm_std": [
            [0, 0, 0],
            [0, 0, 0],
            [0, 0, 0]
          ],
          "cm_mean_normalized": [
            [0.833333333333333, 0.103174603174603, 0.0634920634920635],
            [0.209580838323353, 0.610778443113773, 0.179640718562874],
            [0.0410557184750733, 0.0762463343108504, 0.882697947214076]
          ],
          "cm_std_normalized": [
            [0, 0, 0],
            [0, 0, 0],
            [0, 0, 0]
          ]
        },
        "full_test_acc": 0.780757097791798,
        "full_test_f1": 0.737330418936523
      },
      {
        "fusion_method": "sent",
        "seed": 43,
        "cv_val_f1_folds": [0.729424074851411, 0.725770308123249, 0.710504618837952, 0.756832661857379, 0.761412343202602],
        "cv_test_f1_folds": [0.713547832305116, 0.737846214678955, 0.743882935163411, 0.735732244868458, 0.720903196828681],
        "cv_val_f1_mean": 0.736788801374519,
        "cv_val_f1_std": 0.0216482089162114,
        "cv_test_f1_mean": 0.730382484768924,
        "cv_test_f1_std": 0.0126476458439671,
        "cv_val_confusion": {
          "cm_mean": [
            [119.8, 20.8, 12.8],
            [16.6, 49.4, 14.6],
            [11.6, 19, 144.8]
          ],
          "cm_std": [
            [9.41806774237688, 9.49736805646701, 3.19374388453426],
            [5.27257053058563, 3.286335345031, 4.56070170039655],
            [3.84707681233427, 3.16227766016838, 5.35723809439155]
          ],
          "cm_mean_normalized": [
            [0.780964797913951, 0.135593220338983, 0.0834419817470665],
            [0.205955334987593, 0.612903225806452, 0.181141439205955],
            [0.0661345496009122, 0.108323831242873, 0.825541619156214]
          ],
          "cm_std_normalized": [
            [0.0613954872384412, 0.0619124384385073, 0.0208197124154776],
            [0.065416507823643, 0.0407733913775558, 0.056584388342389],
            [0.0219331631261931, 0.0180289490317467, 0.0305429765928823]
          ]
        },
        "cv_val_oof_ens_acc": 0.766976062530533,
        "cv_val_oof_ens_f1": 0.73665314096943,
        "cv_val_oof_ens_confusion": {
          "cm_mean": [
            [599, 104, 64],
            [83, 247, 73],
            [58, 95, 724]
          ],
          "cm_std": [
            [0, 0, 0],
            [0, 0, 0],
            [0, 0, 0]
          ],
          "cm_mean_normalized": [
            [0.780964797913951, 0.135593220338983, 0.0834419817470665],
            [0.205955334987593, 0.612903225806452, 0.181141439205955],
            [0.0661345496009122, 0.108323831242873, 0.825541619156214]
          ],
          "cm_std_normalized": [
            [0, 0, 0],
            [0, 0, 0],
            [0, 0, 0]
          ]
        },
        "cv_test_ens_acc": 0.802839116719243,
        "cv_test_ens_f1": 0.764061091922872,
        "cv_test_ens_confusion": {
          "cm_mean": [
            [107, 10, 9],
            [39, 96, 32],
            [11, 24, 306]
          ],
          "cm_std": [
            [0, 0, 0],
            [0, 0, 0],
            [0, 0, 0]
          ],
          "cm_mean_normalized": [
            [0.849206349206349, 0.0793650793650794, 0.0714285714285714],
            [0.233532934131737, 0.574850299401198, 0.191616766467066],
            [0.032258064516129, 0.0703812316715543, 0.897360703812317]
          ],
          "cm_std_normalized": [
            [0, 0, 0],
            [0, 0, 0],
            [0, 0, 0]
          ]
        },
        "full_test_acc": 0.788643533123028,
        "full_test_f1": 0.746889768741503
      },
      {
        "fusion_method": "sent",
        "seed": 44,
        "cv_val_f1_folds": [0.739326135711678, 0.739193055902291, 0.733961038961039, 0.701988681302758, 0.762871830668441],
        "cv_test_f1_folds": [0.719101412634446, 0.757885644461299, 0.721141811512367, 0.715543514472508, 0.731193218105668],
        "cv_val_f1_mean": 0.735468148509241,
        "cv_val_f1_std": 0.0218109313180552,
        "cv_test_f1_mean": 0.728973120237258,
        "cv_test_f1_std": 0.0171755437314777,
        "cv_val_confusion": {
          "cm_mean": [
            [120.6, 18.4, 14.4],
            [16.4, 48.6, 15.6],
            [10.8, 19.8, 144.8]
          ],
          "cm_std": [
            [5.27257053058563, 2.50998007960223, 5.12835256198323],
            [3.20936130717624, 6.54217089351845, 5.12835256198323],
            [4.81663783151692, 2.77488738510232, 6.57267069006199]
          ],
          "cm_mean_normalized": [
            [0.786179921773142, 0.119947848761408, 0.0938722294654498],
            [0.203473945409429, 0.602977667493797, 0.193548387096774],
            [0.0615735461801596, 0.112884834663626, 0.825541619156214]
          ],
          "cm_std_normalized": [
            [0.0343713854666599, 0.0163623212490367, 0.0334312422554318],
            [0.0398183785009459, 0.0811683733687153, 0.0636272030022734],
            [0.0274608770325936, 0.0158203385695685, 0.0374724668760661]
          ]
        },
        "cv_val_oof_ens_acc": 0.766976062530533,
        "cv_val_oof_ens_f1": 0.736132666389275,
        "cv_val_oof_ens_confusion": {
          "cm_mean": [
            [603, 92, 72],
            [82, 243, 78],
            [54, 99, 724]
          ],
          "cm_std": [
            [0, 0, 0],
            [0, 0, 0],
            [0, 0, 0]
          ],
          "cm_mean_normalized": [
            [0.786179921773142, 0.119947848761408, 0.0938722294654498],
            [0.203473945409429, 0.602977667493797, 0.193548387096774],
            [0.0615735461801596, 0.112884834663626, 0.825541619156214]
          ],
          "cm_std_normalized": [
            [0, 0, 0],
            [0, 0, 0],
            [0, 0, 0]
          ]
        },
        "cv_test_ens_acc": 0.77602523659306,
        "cv_test_ens_f1": 0.730537971783487,
        "cv_test_ens_confusion": {
          "cm_mean": [
            [107, 9, 10],
            [48, 85, 34],
            [14, 27, 300]
          ],
          "cm_std": [
            [0, 0, 0],
            [0, 0, 0],
            [0, 0, 0]
          ],
          "cm_mean_normalized": [
            [0.849206349206349, 0.0714285714285714, 0.0793650793650794],
            [0.287425149700599, 0.508982035928144, 0.203592814371257],
            [0.0410557184750733, 0.0791788856304985, 0.879765395894428]
          ],
          "cm_std_normalized": [
            [0, 0, 0],
            [0, 0, 0],
            [0, 0, 0]
          ]
        },
        "full_test_acc": 0.771293375394322,
        "full_test_f1": 0.721313175836458
      }
    ],
    "term": [
      {
        "fusion_method": "term",
        "seed": 42,
        "cv_val_f1_folds": [0.473984182180903, 0.521577938504941, 0.470934217799889, 0.394708577190329, 0.487023355019345],
        "cv_test_f1_folds": [0.481586322236536, 0.485770163867674, 0.475143618944514, 0.512276105622297, 0.481577551311543],
        "cv_val_f1_mean": 0.469645654139082,
        "cv_val_f1_std": 0.046462337895443,
        "cv_test_f1_mean": 0.487270752396513,
        "cv_test_f1_std": 0.0144854418855556,
        "cv_val_confusion": {
          "cm_mean": [
            [54.2, 40, 59.2],
            [19.2, 29.2, 32.2],
            [21, 26.4, 128]
          ],
          "cm_std": [
            [16.5438810440598, 8.48528137423857, 9.5236547606473],
            [5.54075807087803, 5.97494769851586, 4.32434966208793],
            [7.3143694191639, 8.64869932417586, 8.15475321515005]
          ],
          "cm_mean_normalized": [
            [0.353324641460235, 0.260756192959583, 0.385919165580183],
            [0.238213399503722, 0.362282878411911, 0.399503722084367],
            [0.119726339794755, 0.150513112884835, 0.729760547320411]
          ],
          "cm_std_normalized": [
            [0.107847985945631, 0.0553147416834327, 0.0620837989611949],
            [0.0687438966610177, 0.0741308647458544, 0.0536519809192051],
            [0.0417010799268181, 0.0493084340032831, 0.0464923216371154]
          ]
        },
        "cv_val_oof_ens_acc": 0.516365412799218,
        "cv_val_oof_ens_f1": 0.472440228131254,
        "cv_val_oof_ens_confusion": {
          "cm_mean": [
            [271, 200, 296],
            [96, 146, 161],
            [105, 132, 640]
          ],
          "cm_std": [
            [0, 0, 0],
            [0, 0, 0],
            [0, 0, 0]
          ],
          "cm_mean_normalized": [
            [0.353324641460235, 0.260756192959583, 0.385919165580183],
            [0.238213399503722, 0.362282878411911, 0.399503722084367],
            [0.119726339794755, 0.150513112884835, 0.729760547320411]
          ],
          "cm_std_normalized": [
            [0, 0, 0],
            [0, 0, 0],
            [0, 0, 0]
          ]
        },
        "cv_test_ens_acc": 0.586750788643533,
        "cv_test_ens_f1": 0.510034990231237,
        "cv_test_ens_confusion": {
          "cm_mean": [
            [40, 35, 51],
            [34, 76, 57],
            [39, 46, 256]
          ],
          "cm_std": [
            [0, 0, 0],
            [0, 0, 0],
            [0, 0, 0]
          ],
          "cm_mean_normalized": [
            [0.317460317460317, 0.277777777777778, 0.404761904761905],
            [0.203592814371257, 0.455089820359281, 0.341317365269461],
            [0.114369501466276, 0.134897360703812, 0.750733137829912]
          ],
          "cm_std_normalized": [
            [0, 0, 0],
            [0, 0, 0],
            [0, 0, 0]
          ]
        },
        "full_test_acc": 0.561514195583596,
        "full_test_f1": 0.474172515732519
      },
      {
        "fusion_method": "term",
        "seed": 43,
        "cv_val_f1_folds": [0.485823492009059, 0.464755438368965, 0.444989574067696, 0.53710574385276, 0.5208313911594],
        "cv_test_f1_folds": [0.499452629786609, 0.494057700376443, 0.49550749959834, 0.459912629797356, 0.511322106972189],
        "cv_val_f1_mean": 0.490701127891576,
        "cv_val_f1_std": 0.0382352502172178,
        "cv_test_f1_mean": 0.492050513306187,
        "cv_test_f1_std": 0.0192029214014662,
        "cv_val_confusion": {
          "cm_mean": [
            [57.6, 37.6, 58.2],
            [17, 33.6, 30],
            [23, 26.8, 125.6]
          ],
          "cm_std": [
            [17.7144009212844, 4.27784992724149, 15.1558569536665],
            [9.1104335791443, 3.64691650576209, 10.7935165724615],
            [9.02773504263389, 4.76445169982864, 9.18150314491042]
          ],
          "cm_mean_normalized": [
            [0.375488917861799, 0.245110821382008, 0.379400260756193],
            [0.210918114143921, 0.416873449131514, 0.372208436724566],
            [0.131128848346636, 0.152793614595211, 0.716077537058153]
          ],
          "cm_std_normalized": [
            [0.115478493619846, 0.027886896526998, 0.0987995890069521],
            [0.11303267467921, 0.0452471030491575, 0.133914597673219],
            [0.0514694130138763, 0.027163350626161, 0.0523460840644836]
          ]
        },
        "cv_val_oof_ens_acc": 0.529555446995603,
        "cv_val_oof_ens_f1": 0.49355015259622,
        "cv_val_oof_ens_confusion": {
          "cm_mean": [
            [288, 188, 291],
            [85, 168, 150],
            [115, 134, 628]
          ],
          "cm_std": [
            [0, 0, 0],
            [0, 0, 0],
            [0, 0, 0]
          ],
          "cm_mean_normalized": [
            [0.375488917861799, 0.245110821382008, 0.379400260756193],
            [0.210918114143921, 0.416873449131514, 0.372208436724566],
            [0.131128848346636, 0.152793614595211, 0.716077537058153]
          ],
          "cm_std_normalized": [
            [0, 0, 0],
            [0, 0, 0],
            [0, 0, 0]
          ]
        },
        "cv_test_ens_acc": 0.600946372239748,
        "cv_test_ens_f1": 0.523275930100499,
        "cv_test_ens_confusion": {
          "cm_mean": [
            [43, 33, 50],
            [33, 74, 60],
            [33, 44, 264]
          ],
          "cm_std": [
            [0, 0, 0],
            [0, 0, 0],
            [0, 0, 0]
          ],
          "cm_mean_normalized": [
            [0.341269841269841, 0.261904761904762, 0.396825396825397],
            [0.197604790419162, 0.44311377245509, 0.359281437125749],
            [0.0967741935483871, 0.129032258064516, 0.774193548387097]
          ],
          "cm_std_normalized": [
            [0, 0, 0],
            [0, 0, 0],
            [0, 0, 0]
          ]
        },
        "full_test_acc": 0.589905362776025,
        "full_test_f1": 0.511506386901092
      },
      {
        "fusion_method": "term",
        "seed": 44,
        "cv_val_f1_folds": [0.522190611881518, 0.414207317073171, 0.488263661698776, 0.474616967299894, 0.482441247890686],
        "cv_test_f1_folds": [0.470916297030326, 0.470529924326849, 0.497935309185539, 0.448208564595461, 0.48360008102326],
        "cv_val_f1_mean": 0.476343961168809,
        "cv_val_f1_std": 0.0391953970351025,
        "cv_test_f1_mean": 0.474238035232287,
        "cv_test_f1_std": 0.0183815537088853,
        "cv_val_confusion": {
          "cm_mean": [
            [53.6, 34.2, 65.6],
            [17.4, 30.4, 32.8],
            [21.6, 25.2, 128.6]
          ],
          "cm_std": [
            [10.2371871136558, 7.66159252375118, 10.573551910309],
            [3.64691650576209, 5.41294744108974, 3.27108544675923],
            [6.06630035524124, 6.57267069006199, 5.68330889535313]
          ],
          "cm_mean_normalized": [
            [0.349413298565841, 0.222946544980443, 0.427640156453716],
            [0.215880893300248, 0.377171215880893, 0.406947890818859],
            [0.123147092360319, 0.143671607753706, 0.733181299885975]
          ],
          "cm_std_normalized": [
            [0.0667352484592945, 0.049945192462524, 0.0689279785548178],
            [0.0452471030491575, 0.0671581568373417, 0.0405841866843576],
            [0.0345855208394598, 0.0374724668760661, 0.0324019891411239]
          ]
        },
        "cv_val_oof_ens_acc": 0.519296531509526,
        "cv_val_oof_ens_f1": 0.477248293133675,
        "cv_val_oof_ens_confusion": {
          "cm_mean": [
            [268, 171, 328],
            [87, 152, 164],
            [108, 126, 643]
          ],
          "cm_std": [
            [0, 0, 0],
            [0, 0, 0],
            [0, 0, 0]
          ],
          "cm_mean_normalized": [
            [0.349413298565841, 0.222946544980443, 0.427640156453716],
            [0.215880893300248, 0.377171215880893, 0.406947890818859],
            [0.123147092360319, 0.143671607753706, 0.733181299885975]
          ],
          "cm_std_normalized": [
            [0, 0, 0],
            [0, 0, 0],
            [0, 0, 0]
          ]
        },
        "cv_test_ens_acc": 0.580441640378549,
        "cv_test_ens_f1": 0.490165037986675,
        "cv_test_ens_confusion": {
          "cm_mean": [
            [36, 30, 60],
            [39, 66, 62],
            [35, 40, 266]
          ],
          "cm_std": [
            [0, 0, 0],
            [0, 0, 0],
            [0, 0, 0]
          ],
          "cm_mean_normalized": [
            [0.285714285714286, 0.238095238095238, 0.476190476190476],
            [0.233532934131737, 0.395209580838323, 0.37125748502994],
            [0.102639296187683, 0.117302052785924, 0.780058651026393]
          ],
          "cm_std_normalized": [
            [0, 0, 0],
            [0, 0, 0],
            [0, 0, 0]
          ]
        },
        "full_test_acc": 0.561514195583596,
        "full_test_f1": 0.494198241780033
      }
    ],
    "concat": [
      {
        "fusion_method": "concat",
        "seed": 42,
        "cv_val_f1_folds": [0.709466276485932, 0.796523549906377, 0.76533839033839, 0.739628540688885, 0.754082047871072],
        "cv_test_f1_folds": [0.741980533424721, 0.740696943561479, 0.764584402598506, 0.722998670129298, 0.745258986122773],
        "cv_val_f1_mean": 0.753007761058131,
        "cv_val_f1_std": 0.0321001822663387,
        "cv_test_f1_mean": 0.743103907167356,
        "cv_test_f1_std": 0.014809895745699,
        "cv_val_confusion": {
          "cm_mean": [
            [125.6, 17, 10.8],
            [16.4, 50.8, 13.4],
            [10.8, 20.2, 144.4]
          ],
          "cm_std": [
            [3.43511280746353, 4.94974746830583, 1.78885438199983],
            [4.56070170039655, 9.09395403551173, 6.65582451691749],
            [4.02492235949962, 6.37965516309463, 5.81377674149945]
          ],
          "cm_mean_normalized": [
            [0.81877444589309, 0.110821382007823, 0.0704041720990874],
            [0.203473945409429, 0.630272952853598, 0.166253101736973],
            [0.0615735461801596, 0.115165336374002, 0.823261117445838]
          ],
          "cm_std_normalized": [
            [0.0223931734515224, 0.0322669326486691, 0.0116613714602336],
            [0.056584388342389, 0.112828213840096, 0.08257846795183],
            [0.0229471058124266, 0.0363720362776205, 0.0331458195068384]
          ]
        },
        "cv_val_oof_ens_acc": 0.783585735222277,
        "cv_val_oof_ens_f1": 0.754174482749006,
        "cv_val_oof_ens_confusion": {
          "cm_mean": [
            [628, 85, 54],
            [82, 254, 67],
            [54, 101, 722]
          ],
          "cm_std": [
            [0, 0, 0],
            [0, 0, 0],
            [0, 0, 0]
          ],
          "cm_mean_normalized": [
            [0.81877444589309, 0.110821382007823, 0.0704041720990874],
            [0.203473945409429, 0.630272952853598, 0.166253101736973],
            [0.0615735461801596, 0.115165336374002, 0.823261117445838]
          ],
          "cm_std_normalized": [
            [0, 0, 0],
            [0, 0, 0],
            [0, 0, 0]
          ]
        },
        "cv_test_ens_acc": 0.790220820189274,
        "cv_test_ens_f1": 0.752898749381833,
        "cv_test_ens_confusion": {
          "cm_mean": [
            [110, 7, 9],
            [43, 94, 30],
            [15, 29, 297]
          ],
          "cm_std": [
            [0, 0, 0],
            [0, 0, 0],
            [0, 0, 0]
          ],
          "cm_mean_normalized": [
            [0.873015873015873, 0.0555555555555556, 0.0714285714285714],
            [0.25748502994012, 0.562874251497006, 0.179640718562874],
            [0.0439882697947214, 0.0850439882697947, 0.870967741935484]
          ],
          "cm_std_normalized": [
            [0, 0, 0],
            [0, 0, 0],
            [0, 0, 0]
          ]
        },
        "full_test_acc": 0.769716088328076,
        "full_test_f1": 0.722237790947766
      },
      {
        "fusion_method": "concat",
        "seed": 43,
        "cv_val_f1_folds": [0.754752997531693, 0.732215301155795, 0.728871486327317, 0.785186216438045, 0.755087830982553],
        "cv_test_f1_folds": [0.725689537898544, 0.739711181941853, 0.732994420780096, 0.759962278693467, 0.732741118223014],
        "cv_val_f1_mean": 0.751222766487081,
        "cv_val_f1_std": 0.0225930334973774,
        "cv_test_f1_mean": 0.738219707507394,
        "cv_test_f1_std": 0.0131271437308926,
        "cv_val_confusion": {
          "cm_mean": [
            [122.4, 20.4, 10.6],
            [16.4, 50.8, 13.4],
            [10.4, 18.4, 146.6]
          ],
          "cm_std": [
            [7.50333259292163, 7.23187389270582, 3.64691650576209],
            [3.20936130717624, 2.58843582110896, 3.84707681233427],
            [3.64691650576209, 4.09878030638384, 6.73052746818554]
          ],
          "cm_mean_normalized": [
            [0.797913950456323, 0.132985658409387, 0.0691003911342894],
            [0.203473945409429, 0.630272952853598, 0.166253101736973],
            [0.0592930444697834, 0.104903078677309, 0.835803876852908]
          ],
          "cm_std_normalized": [
            [0.048913511035995, 0.0471438976056442, 0.0237739016020997],
            [0.0398183785009459, 0.0321145883512278, 0.0477304815426088],
            [0.0207919983224749, 0.0233681887479124, 0.0383724485073292]
          ]
        },
        "cv_val_oof_ens_acc": 0.78114313629702,
        "cv_val_oof_ens_f1": 0.751110792944465,
        "cv_val_oof_ens_confusion": {
          "cm_mean": [
            [612, 102, 53],
            [82, 254, 67],
            [52, 92, 733]
          ],
          "cm_std": [
            [0, 0, 0],
            [0, 0, 0],
            [0, 0, 0]
          ],
          "cm_mean_normalized": [
            [0.797913950456323, 0.132985658409387, 0.0691003911342894],
            [0.203473945409429, 0.630272952853598, 0.166253101736973],
            [0.0592930444697834, 0.104903078677309, 0.835803876852908]
          ],
          "cm_std_normalized": [
            [0, 0, 0],
            [0, 0, 0],
            [0, 0, 0]
          ]
        },
        "cv_test_ens_acc": 0.793375394321767,
        "cv_test_ens_f1": 0.752415101840521,
        "cv_test_ens_confusion": {
          "cm_mean": [
            [106, 10, 10],
            [42, 93, 32],
            [11, 26, 304]
          ],
          "cm_std": [
            [0, 0, 0],
            [0, 0, 0],
            [0, 0, 0]
          ],
          "cm_mean_normalized": [
            [0.841269841269841, 0.0793650793650794, 0.0793650793650794],
            [0.251497005988024, 0.55688622754491, 0.191616766467066],
            [0.032258064516129, 0.0762463343108504, 0.891495601173021]
          ],
          "cm_std_normalized": [
            [0, 0, 0],
            [0, 0, 0],
            [0, 0, 0]
          ]
        },
        "full_test_acc": 0.777602523659306,
        "full_test_f1": 0.725552516781902
      },
      {
        "fusion_method": "concat",
        "seed": 44,
        "cv_val_f1_folds": [0.737398046415811, 0.762116718698513, 0.746607461848619, 0.732612123369459, 0.753487238624762],
        "cv_test_f1_folds": [0.746045219783833, 0.748068888822097, 0.730070125109571, 0.736143997846126, 0.712709287838217],
        "cv_val_f1_mean": 0.746444317791433,
        "cv_val_f1_std": 0.0119207605500746,
        "cv_test_f1_mean": 0.734607503879969,
        "cv_test_f1_std": 0.0142698170563169,
        "cv_val_confusion": {
          "cm_mean": [
            [122.6, 18, 12.8],
            [16.2, 47.6, 16.8],
            [11.8, 14.6, 149]
          ],
          "cm_std": [
            [5.31977443130815, 5.61248608016091, 2.77488738510232],
            [3.3466401061363, 4.2190046219458, 1.30384048104053],
            [5.26307894677631, 2.07364413533277, 6.51920240520265]
          ],
          "cm_mean_normalized": [
            [0.799217731421121, 0.117340286831812, 0.0834419817470665],
            [0.200992555831266, 0.590570719602978, 0.208436724565757],
            [0.0672748004561004, 0.0832383124287343, 0.849486887115165]
          ],
          "cm_std_normalized": [
            [0.0346791032027911, 0.0365872625825353, 0.0180892267607713],
            [0.0415215894061576, 0.0523449704956054, 0.01617668090621],
            [0.0300061513499219, 0.0118223724933453, 0.0371676305883845]
          ]
        },
        "cv_val_oof_ens_acc": 0.779677576941866,
        "cv_val_oof_ens_f1": 0.746808885989322,
        "cv_val_oof_ens_confusion": {
          "cm_mean": [
            [613, 90, 64],
            [81, 238, 84],
            [59, 73, 745]
          ],
          "cm_std": [
            [0, 0, 0],
            [0, 0, 0],
            [0, 0, 0]
          ],
          "cm_mean_normalized": [
            [0.799217731421121, 0.117340286831812, 0.0834419817470665],
            [0.200992555831266, 0.590570719602978, 0.208436724565757],
            [0.0672748004561004, 0.0832383124287343, 0.849486887115165]
          ],
          "cm_std_normalized": [
            [0, 0, 0],
            [0, 0, 0],
            [0, 0, 0]
          ]
        },
        "cv_test_ens_acc": 0.798107255520505,
        "cv_test_ens_f1": 0.757788506037275,
        "cv_test_ens_confusion": {
          "cm_mean": [
            [109, 8, 9],
            [39, 90, 38],
            [11, 23, 307]
          ],
          "cm_std": [
            [0, 0, 0],
            [0, 0, 0],
            [0, 0, 0]
          ],
          "cm_mean_normalized": [
            [0.865079365079365, 0.0634920634920635, 0.0714285714285714],
            [0.233532934131737, 0.538922155688623, 0.227544910179641],
            [0.032258064516129, 0.0674486803519062, 0.900293255131965]
          ],
          "cm_std_normalized": [
            [0, 0, 0],
            [0, 0, 0],
            [0, 0, 0]
          ]
        },
        "full_test_acc": 0.788643533123028,
        "full_test_f1": 0.746055496728529
      }
    ],
    "add": [
      {
        "fusion_method": "add",
        "seed": 42,
        "cv_val_f1_folds": [0.71420006994288, 0.802143597000941, 0.754428699389745, 0.722399328281681, 0.738244746135281],
        "cv_test_f1_folds": [0.744695932834028, 0.71612092934454, 0.746742875510341, 0.741365516204226, 0.752357099620143],
        "cv_val_f1_mean": 0.746283288150106,
        "cv_val_f1_std": 0.0348249781637641,
        "cv_test_f1_mean": 0.740256470702655,
        "cv_test_f1_std": 0.0140709081984573,
        "cv_val_confusion": {
          "cm_mean": [
            [123.6, 16.4, 13.4],
            [16.2, 47.8, 16.6],
            [11.4, 16.6, 147.4]
          ],
          "cm_std": [
            [5.7706152185014, 5.31977443130815, 2.07364413533277],
            [3.42052627529741, 5.49545266561364, 3.20936130717624],
            [4.2190046219458, 4.72228758124704, 7.09224929059886]
          ],
          "cm_mean_normalized": [
            [0.805736636245111, 0.106910039113429, 0.0873533246414602],
            [0.200992555831266, 0.593052109181142, 0.205955334987593],
            [0.0649942987457241, 0.0946408209806157, 0.84036488027366]
          ],
          "cm_std_normalized": [
            [0.0376180913852764, 0.0346791032027911, 0.0135178887570585],
            [0.0424382912567917, 0.06818179485873, 0.0398183785009459],
            [0.0240536181410821, 0.0269229622648064, 0.0404347165940642]
          ]
        },
        "cv_val_oof_ens_acc": 0.778700537371764,
        "cv_val_oof_ens_f1": 0.746491423505304,
        "cv_val_oof_ens_confusion": {
          "cm_mean": [
            [618, 82, 67],
            [81, 239, 83],
            [57, 83, 737]
          ],
          "cm_std": [
            [0, 0, 0],
            [0, 0, 0],
            [0, 0, 0]
          ],
          "cm_mean_normalized": [
            [0.805736636245111, 0.106910039113429, 0.0873533246414602],
            [0.200992555831266, 0.593052109181142, 0.205955334987593],
            [0.0649942987457241, 0.0946408209806157, 0.84036488027366]
          ],
          "cm_std_normalized": [
            [0, 0, 0],
            [0, 0, 0],
            [0, 0, 0]
          ]
        },
        "cv_test_ens_acc": 0.798107255520505,
        "cv_test_ens_f1": 0.758886651579498,
        "cv_test_ens_confusion": {
          "cm_mean": [
            [107, 10, 9],
            [39, 94, 34],
            [11, 25, 305]
          ],
          "cm_std": [
            [0, 0, 0],
            [0, 0, 0],
            [0, 0, 0]
          ],
          "cm_mean_normalized": [
            [0.849206349206349, 0.0793650793650794, 0.0714285714285714],
            [0.233532934131737, 0.562874251497006, 0.203592814371257],
            [0.032258064516129, 0.0733137829912024, 0.894428152492669]
          ],
          "cm_std_normalized": [
            [0, 0, 0],
            [0, 0, 0],
            [0, 0, 0]
          ]
        },
        "full_test_acc": 0.780757097791798,
        "full_test_f1": 0.73242511955701
      },
      {
        "fusion_method": "add",
        "seed": 43,
        "cv_val_f1_folds": [0.745786784012316, 0.74435347926956, 0.730189542163812, 0.761615182244089, 0.734526114601658],
        "cv_test_f1_folds": [0.710335817242403, 0.742384447299838, 0.722364146769279, 0.732564263657018, 0.738783879922441],
        "cv_val_f1_mean": 0.743294220458287,
        "cv_val_f1_std": 0.0121614638980232,
        "cv_test_f1_mean": 0.729286510978196,
        "cv_test_f1_std": 0.0130340662753526,
        "cv_val_confusion": {
          "cm_mean": [
            [120, 20.6, 12.8],
            [14.4, 49.4, 16.8],
            [11.2, 16.6, 147.6]
          ],
          "cm_std": [
            [7.58287544405155, 5.41294744108974, 2.28035085019828],
            [3.36154726279432, 2.88097205817759, 4.60434577328854],
            [3.4928498393146, 2.70185121722126, 5.45893762558247]
          ],
          "cm_mean_normalized": [
            [0.782268578878748, 0.134289439374185, 0.0834419817470665],
            [0.178660049627792, 0.612903225806452, 0.208436724565757],
            [0.0638540478905359, 0.0946408209806157, 0.841505131128848]
          ],
          "cm_std_normalized": [
            [0.0494320433119397, 0.0352864891857219, 0.0148653901577463],
            [0.0417065417220139, 0.0357440702007145, 0.0571258780805029],
            [0.0199136250816112, 0.0154039408051383, 0.0311227914799457]
          ]
        },
        "cv_val_oof_ens_acc": 0.774303859306302,
        "cv_val_oof_ens_f1": 0.743597992839651,
        "cv_val_oof_ens_confusion": {
          "cm_mean": [
            [600, 103, 64],
            [72, 247, 84],
            [56, 83, 738]
          ],
          "cm_std": [
            [0, 0, 0],
            [0, 0, 0],
            [0, 0, 0]
          ],
          "cm_mean_normalized": [
            [0.782268578878748, 0.134289439374185, 0.0834419817470665],
            [0.178660049627792, 0.612903225806452, 0.208436724565757],
            [0.0638540478905359, 0.0946408209806157, 0.841505131128848]
          ],
          "cm_std_normalized": [
            [0, 0, 0],
            [0, 0, 0],
            [0, 0, 0]
          ]
        },
        "cv_test_ens_acc": 0.779179810725552,
        "cv_test_ens_f1": 0.730757845533221,
        "cv_test_ens_confusion": {
          "cm_mean": [
            [105, 11, 10],
            [40, 80, 47],
            [11, 21, 309]
          ],
          "cm_std": [
            [0, 0, 0],
            [0, 0, 0],
            [0, 0, 0]
          ],
          "cm_mean_normalized": [
            [0.833333333333333, 0.0873015873015873, 0.0793650793650794],
            [0.239520958083832, 0.479041916167665, 0.281437125748503],
            [0.032258064516129, 0.06158357771261, 0.906158357771261]
          ],
          "cm_std_normalized": [
            [0, 0, 0],
            [0, 0, 0],
            [0, 0, 0]
          ]
        },
        "full_test_acc": 0.790220820189274,
        "full_test_f1": 0.743533311878636
      },
      {
        "fusion_method": "add",
        "seed": 44,
        "cv_val_f1_folds": [0.7412798186792, 0.742369142084475, 0.727300096339114, 0.730111817623671, 0.749838131428717],
        "cv_test_f1_folds": [0.721533265553199, 0.745995871329573, 0.717686705200461, 0.730671117959254, 0.709613930824907],
        "cv_val_f1_mean": 0.738179801231035,
        "cv_val_f1_std": 0.00930776135796635,
        "cv_test_f1_mean": 0.725100178173479,
        "cv_test_f1_std": 0.0139209524339563,
        "cv_val_confusion": {
          "cm_mean": [
            [123.8, 16.8, 12.8],
            [17.4, 46, 17.2],
            [10, 18.4, 147]
          ],
          "cm_std": [
            [6.64830805543786, 5.97494769851586, 4.32434966208793],
            [4.97995983919549, 4.84767985741633, 1.48323969741913],
            [3.53553390593274, 3.50713558335004, 3.93700393700591]
          ],
          "cm_mean_normalized": [
            [0.807040417209909, 0.109517601043025, 0.0834419817470665],
            [0.215880893300248, 0.570719602977668, 0.213399503722084],
            [0.0570125427594071, 0.104903078677309, 0.838084378563284]
          ],
          "cm_std_normalized": [
            [0.0433396874539626, 0.0389501153749404, 0.0281900238728027],
            [0.0617861022232691, 0.0601449113823366, 0.0184024776354731],
            [0.0201569777989324, 0.0199950717408782, 0.0224458605302503]
          ]
        },
        "cv_val_oof_ens_acc": 0.773815339521251,
        "cv_val_oof_ens_f1": 0.738583926276425,
        "cv_val_oof_ens_confusion": {
          "cm_mean": [
            [619, 84, 64],
            [87, 230, 86],
            [50, 92, 735]
          ],
          "cm_std": [
            [0, 0, 0],
            [0, 0, 0],
            [0, 0, 0]
          ],
          "cm_mean_normalized": [
            [0.807040417209909, 0.109517601043025, 0.0834419817470665],
            [0.215880893300248, 0.570719602977667, 0.213399503722084],
            [0.0570125427594071, 0.104903078677309, 0.838084378563284]
          ],
          "cm_std_normalized": [
            [0, 0, 0],
            [0, 0, 0],
            [0, 0, 0]
          ]
        },
        "cv_test_ens_acc": 0.798107255520505,
        "cv_test_ens_f1": 0.755347464188928,
        "cv_test_ens_confusion": {
          "cm_mean": [
            [109, 8, 9],
            [43, 89, 35],
            [10, 23, 308]
          ],
          "cm_std": [
            [0, 0, 0],
            [0, 0, 0],
            [0, 0, 0]
          ],
          "cm_mean_normalized": [
            [0.865079365079365, 0.0634920634920635, 0.0714285714285714],
            [0.25748502994012, 0.532934131736527, 0.209580838323353],
            [0.0293255131964809, 0.0674486803519062, 0.903225806451613]
          ],
          "cm_std_normalized": [
            [0, 0, 0],
            [0, 0, 0],
            [0, 0, 0]
          ]
        },
        "full_test_acc": 0.793375394321767,
        "full_test_f1": 0.749811207403231
      }
    ],
    "mul": [
      {
        "fusion_method": "mul",
        "seed": 42,
        "cv_val_f1_folds": [0.199430199430199, 0.797314783999408, 0.733704262473019, 0.718696019222027, 0.723707664884135],
        "cv_test_f1_folds": [0.233162393162393, 0.74243040264234, 0.725522228123505, 0.712238219245074, 0.729724406111707],
        "cv_val_f1_mean": 0.634570586001758,
        "cv_val_f1_std": 0.245297178522519,
        "cv_test_f1_mean": 0.628615529857004,
        "cv_test_f1_std": 0.22132762807411,
        "cv_val_confusion": {
          "cm_mean": [
            [96.6, 16.2, 40.6],
            [12.8, 39.6, 28.2],
            [7.6, 15.4, 152.4]
          ],
          "cm_std": [
            [54.5050456379958, 10.2323017938292, 63.4373706895234],
            [7.59605160593318, 22.2553364387061, 29.6175623574932],
            [6.22896460095897, 10.285912696499, 15.009996668887]
          ],
          "cm_mean_normalized": [
            [0.629726205997392, 0.105606258148631, 0.264667535853977],
            [0.158808933002481, 0.491315136476427, 0.349875930521092],
            [0.0433295324971494, 0.0877993158494869, 0.868871151653364]
          ],
          "cm_std_normalized": [
            [0.355313204941302, 0.0667034015243102, 0.413542181809149],
            [0.0942438164507838, 0.276120799487669, 0.367463552822497],
            [0.0355129110659007, 0.0586426037428679, 0.085575807690348]
          ]
        },
        "cv_val_oof_ens_acc": 0.704934049829018,
        "cv_val_oof_ens_f1": 0.668256232776646,
        "cv_val_oof_ens_confusion": {
          "cm_mean": [
            [483, 81, 203],
            [64, 198, 141],
            [38, 77, 762]
          ],
          "cm_std": [
            [0, 0, 0],
            [0, 0, 0],
            [0, 0, 0]
          ],
          "cm_mean_normalized": [
            [0.629726205997393, 0.105606258148631, 0.264667535853977],
            [0.158808933002481, 0.491315136476427, 0.349875930521092],
            [0.0433295324971494, 0.0877993158494869, 0.868871151653364]
          ],
          "cm_std_normalized": [
            [0, 0, 0],
            [0, 0, 0],
            [0, 0, 0]
          ]
        },
        "cv_test_ens_acc": 0.777602523659306,
        "cv_test_ens_f1": 0.728735321347557,
        "cv_test_ens_confusion": {
          "cm_mean": [
            [103, 14, 9],
            [42, 83, 42],
            [13, 21, 307]
          ],
          "cm_std": [
            [0, 0, 0],
            [0, 0, 0],
            [0, 0, 0]
          ],
          "cm_mean_normalized": [
            [0.817460317460317, 0.111111111111111, 0.0714285714285714],
            [0.251497005988024, 0.497005988023952, 0.251497005988024],
            [0.0381231671554252, 0.06158357771261, 0.900293255131965]
          ],
          "cm_std_normalized": [
            [0, 0, 0],
            [0, 0, 0],
            [0, 0, 0]
          ]
        },
        "full_test_acc": 0.766561514195584,
        "full_test_f1": 0.724257695223401
      },
      {
        "fusion_method": "mul",
        "seed": 43,
