{
  "benchmark_type": "kfold_plus_full_multiseed",
  "methods": [
    "sent",
    "term",
    "concat",
    "add",
    "mul",
    "cross",
    "gated_concat",
    "bilinear",
    "coattn",
    "late_interaction"
  ],
  "seeds": [42, 43, 44],
  "k_folds": 5,
  "config": {
    "model_name": "roberta-base",
    "fusion_method": "concat",
    "epochs": 10,
    "train_batch_size": 16,
    "eval_batch_size": 32,
    "lr": 0.00002,
    "warmup_ratio": 0.1,
    "dropout": 0.1,
    "freeze_epochs": 3,
    "rolling_k": 3,
    "early_stop_patience": 5,
    "k_folds": 5,
    "seed": 42,
    "max_len_sent": 24,
    "max_len_term": 4,
    "output_dir": "/kaggle/working/A-MoE-ASC/saved_model",
    "output_name": "phase1_locked_baseline",
    "verbose_report": false,
    "train_full_only": false,
    "head_type": "linear",
    "do_ensemble_logits": true,
    "loss_type": "focal",
    "class_weights": "1.0,1.1,1.5",
    "focal_gamma": 0.5
  },
  "runs": {
    "sent": [
      {
        "fusion_method": "sent",
        "seed": 42,
        "cv_val_f1_folds": [0.70852292583891, 0.778979707924237, 0.74191494217334, 0.695844934548853, 0.742241779679889],
        "cv_test_f1_folds": [0.730125540066846, 0.701862469525904, 0.738644464842018, 0.722204955057981, 0.713495402836216],
        "cv_val_f1_mean": 0.733500858033046,
        "cv_val_f1_std": 0.0326243466628985,
        "cv_test_f1_mean": 0.721266566465793,
        "cv_test_f1_std": 0.0143026509832861,
        "cv_val_confusion": {
          "cm_mean": [
            [127.2, 13.2, 13],
            [19.2, 42.2, 19.2],
            [11.2, 16.6, 147.6]
          ],
          "cm_std": [
            [1.30384048104053, 2.77488738510232, 3],
            [2.28035085019828, 6.1400325732035, 4.81663783151692],
            [4.43846820423443, 4.15932686861708, 7.56967634711022]
          ],
          "cm_mean_normalized": [
            [0.829204693611473, 0.0860495436766623, 0.0847457627118644],
            [0.238213399503722, 0.523573200992556, 0.238213399503722],
            [0.0638540478905359, 0.0946408209806157, 0.841505131128848]
          ],
          "cm_std_normalized": [
            [0.00849961200156799, 0.0180892267607713, 0.0195567144719687],
            [0.0282921941711945, 0.0761790641836663, 0.0597597745845771],
            [0.0253048358280184, 0.0237133800947382, 0.0431566496414494]
          ]
        },
        "cv_val_oof_ens_acc": 0.774303859306302,
        "cv_val_oof_ens_f1": 0.734055819841536,
        "cv_val_oof_ens_confusion": {
          "cm_mean": [
            [636, 66, 65],
            [96, 211, 96],
            [56, 83, 738]
          ],
          "cm_std": [
            [0, 0, 0],
            [0, 0, 0],
            [0, 0, 0]
          ],
          "cm_mean_normalized": [
            [0.829204693611473, 0.0860495436766623, 0.0847457627118644],
            [0.238213399503722, 0.523573200992556, 0.238213399503722],
            [0.0638540478905359, 0.0946408209806157, 0.841505131128848]
          ],
          "cm_std_normalized": [
            [0, 0, 0],
            [0, 0, 0],
            [0, 0, 0]
          ]
        },
        "cv_test_ens_acc": 0.77602523659306,
        "cv_test_ens_f1": 0.72687929354596,
        "cv_test_ens_confusion": {
          "cm_mean": [
            [103, 10, 13],
            [44, 82, 41],
            [13, 21, 307]
          ],
          "cm_std": [
            [0, 0, 0],
            [0, 0, 0],
            [0, 0, 0]
          ],
          "cm_mean_normalized": [
            [0.817460317460317, 0.0793650793650794, 0.103174603174603],
            [0.263473053892216, 0.491017964071856, 0.245508982035928],
            [0.0381231671554252, 0.06158357771261, 0.900293255131965]
          ],
          "cm_std_normalized": [
            [0, 0, 0],
            [0, 0, 0],
            [0, 0, 0]
          ]
        },
        "full_test_acc": 0.777602523659306,
        "full_test_f1": 0.726944774007926
      },
      {
        "fusion_method": "sent",
        "seed": 43,
        "cv_val_f1_folds": [0.742996430942118, 0.739665203823129, 0.72428675573485, 0.739492012597682, 0.761290091624924],
        "cv_test_f1_folds": [0.707488910347259, 0.688873928004363, 0.734631331551628, 0.724631466340555, 0.722246274018533],
        "cv_val_f1_mean": 0.741546098944541,
        "cv_val_f1_std": 0.0132057816417112,
        "cv_test_f1_mean": 0.715574382052468,
        "cv_test_f1_std": 0.0178045032329787,
        "cv_val_confusion": {
          "cm_mean": [
            [125.2, 14.2, 14],
            [18.4, 44.8, 17.4],
            [12, 15.2, 148.2]
          ],
          "cm_std": [
            [7.66159252375118, 7.66159252375118, 2.73861278752583],
            [5.17687164221791, 1.78885438199983, 5.17687164221791],
            [2.82842712474619, 1.78885438199983, 2.28035085019828]
          ],
          "cm_mean_normalized": [
            [0.816166883963494, 0.0925684485006519, 0.091264667535854],
            [0.228287841191067, 0.555831265508685, 0.215880893300248],
            [0.0684150513112885, 0.0866590649942988, 0.844925883694413]
          ],
          "cm_std_normalized": [
            [0.049945192462524, 0.049945192462524, 0.0178527561116417],
            [0.0642291767024555, 0.0221942231017349, 0.0642291767024555],
            [0.0161255822391459, 0.0101987136944118, 0.0130008600353379]
          ]
        },
        "cv_val_oof_ens_acc": 0.77723497801661,
        "cv_val_oof_ens_f1": 0.741365644676283,
        "cv_val_oof_ens_confusion": {
          "cm_mean": [
            [626, 71, 70],
            [92, 224, 87],
            [60, 76, 741]
          ],
          "cm_std": [
            [0, 0, 0],
            [0, 0, 0],
            [0, 0, 0]
          ],
          "cm_mean_normalized": [
            [0.816166883963494, 0.0925684485006519, 0.091264667535854],
            [0.228287841191067, 0.555831265508685, 0.215880893300248],
            [0.0684150513112885, 0.0866590649942988, 0.844925883694413]
          ],
          "cm_std_normalized": [
            [0, 0, 0],
            [0, 0, 0],
            [0, 0, 0]
          ]
        },
        "cv_test_ens_acc": 0.779179810725552,
        "cv_test_ens_f1": 0.730148159495188,
        "cv_test_ens_confusion": {
          "cm_mean": [
            [107, 8, 11],
            [43, 79, 45],
            [14, 19, 308]
          ],
          "cm_std": [
            [0, 0, 0],
            [0, 0, 0],
            [0, 0, 0]
          ],
          "cm_mean_normalized": [
            [0.849206349206349, 0.0634920634920635, 0.0873015873015873],
            [0.25748502994012, 0.473053892215569, 0.269461077844311],
            [0.0410557184750733, 0.0557184750733138, 0.903225806451613]
          ],
          "cm_std_normalized": [
            [0, 0, 0],
            [0, 0, 0],
            [0, 0, 0]
          ]
        },
        "full_test_acc": 0.774447949526814,
        "full_test_f1": 0.718151848665976
      },
      {
        "fusion_method": "sent",
        "seed": 44,
        "cv_val_f1_folds": [0.743123873753323, 0.723720101445716, 0.753147053139166, 0.721857271713072, 0.758808525973607],
        "cv_test_f1_folds": [0.716338145653242, 0.737478189700142, 0.72117645151353, 0.734529679390674, 0.744712589959064],
        "cv_val_f1_mean": 0.740131365204977,
        "cv_val_f1_std": 0.0168112435985287,
        "cv_test_f1_mean": 0.730847011243331,
        "cv_test_f1_std": 0.0117666451434832,
        "cv_val_confusion": {
          "cm_mean": [
            [123.4, 15.8, 14.2],
            [17.4, 46.4, 16.8],
            [11.4, 16.6, 147.4]
          ],
          "cm_std": [
            [6.06630035524124, 5.40370243444252, 4.08656334834051],
            [3.78153408023781, 6.91375440697744, 5.71839138219832],
            [5.85662018573853, 2.79284800875379, 6.42650760522385]
          ],
          "cm_mean_normalized": [
            [0.804432855280313, 0.102998696219035, 0.0925684485006519],
            [0.215880893300248, 0.575682382133995, 0.208436724565757],
            [0.0649942987457241, 0.0946408209806157, 0.84036488027366]
          ],
          "cm_std_normalized": [
            [0.0395456346495518, 0.0352262218672915, 0.0266399175250359],
            [0.0469172962808661, 0.0857785906572884, 0.0709477838982422],
            [0.0333900808765024, 0.01592273665196, 0.036639153963648]
          ]
        },
        "cv_val_oof_ens_acc": 0.774792379091353,
        "cv_val_oof_ens_f1": 0.741004642711187,
        "cv_val_oof_ens_confusion": {
          "cm_mean": [
            [617, 79, 71],
            [87, 232, 84],
            [57, 83, 737]
          ],
          "cm_std": [
            [0, 0, 0],
            [0, 0, 0],
            [0, 0, 0]
          ],
          "cm_mean_normalized": [
            [0.804432855280313, 0.102998696219035, 0.0925684485006519],
            [0.215880893300248, 0.575682382133995, 0.208436724565757],
            [0.0649942987457241, 0.0946408209806157, 0.84036488027366]
          ],
          "cm_std_normalized": [
            [0, 0, 0],
            [0, 0, 0],
            [0, 0, 0]
          ]
        },
        "cv_test_ens_acc": 0.78391167192429,
        "cv_test_ens_f1": 0.739006987100531,
        "cv_test_ens_confusion": {
          "cm_mean": [
            [108, 8, 10],
            [44, 85, 38],
            [16, 21, 304]
          ],
          "cm_std": [
            [0, 0, 0],
            [0, 0, 0],
            [0, 0, 0]
          ],
          "cm_mean_normalized": [
            [0.857142857142857, 0.0634920634920635, 0.0793650793650794],
            [0.263473053892216, 0.508982035928144, 0.227544910179641],
            [0.0469208211143695, 0.06158357771261, 0.891495601173021]
          ],
          "cm_std_normalized": [
            [0, 0, 0],
            [0, 0, 0],
            [0, 0, 0]
          ]
        },
        "full_test_acc": 0.76813880126183,
        "full_test_f1": 0.712409111529099
      }
    ],
    "term": [
      {
        "fusion_method": "term",
        "seed": 42,
        "cv_val_f1_folds": [0.487351167612767, 0.481704212047174, 0.485426853847907, 0.445624628803839, 0.458303124487184],
        "cv_test_f1_folds": [0.430857784818118, 0.424864324056658, 0.453189634292489, 0.471703244404558, 0.459339961326059],
        "cv_val_f1_mean": 0.471681997359774,
        "cv_val_f1_std": 0.0186605831831277,
        "cv_test_f1_mean": 0.447990989779576,
        "cv_test_f1_std": 0.0196626896624384,
        "cv_val_confusion": {
          "cm_mean": [
            [75.2, 19.6, 58.6],
            [29.6, 14.6, 36.4],
            [28, 12.6, 134.8]
          ],
          "cm_std": [
            [8.8994381845148, 6.98569967862919, 9.6591925128346],
            [3.286335345031, 4.50555213042752, 2.96647939483827],
            [11.0453610171873, 5.68330889535313, 13.1034346642398]
          ],
          "cm_mean_normalized": [
            [0.490221642764016, 0.127770534550196, 0.382007822685789],
            [0.367245657568238, 0.181141439205955, 0.451612903225806],
            [0.15963511972634, 0.0718358038768529, 0.768529076396807]
          ],
          "cm_std_normalized": [
            [0.0580145905118305, 0.0455391113339582, 0.0629673566677614],
            [0.0407733913775558, 0.0559001505015822, 0.0368049552709462],
            [0.0629724117285477, 0.0324019891411239, 0.0747060129090066]
          ]
        },
        "cv_val_oof_ens_acc": 0.548607718612604,
        "cv_val_oof_ens_f1": 0.473352151665258,
        "cv_val_oof_ens_confusion": {
          "cm_mean": [
            [376, 98, 293],
            [148, 73, 182],
            [140, 63, 674]
          ],
          "cm_std": [
            [0, 0, 0],
            [0, 0, 0],
            [0, 0, 0]
          ],
          "cm_mean_normalized": [
            [0.490221642764016, 0.127770534550196, 0.382007822685789],
            [0.367245657568238, 0.181141439205955, 0.451612903225806],
            [0.15963511972634, 0.0718358038768529, 0.768529076396807]
          ],
          "cm_std_normalized": [
            [0, 0, 0],
            [0, 0, 0],
            [0, 0, 0]
          ]
        },
        "cv_test_ens_acc": 0.547318611987382,
        "cv_test_ens_f1": 0.439195969881871,
        "cv_test_ens_confusion": {
          "cm_mean": [
            [45, 11, 70],
            [64, 33, 70],
            [57, 15, 269]
          ],
          "cm_std": [
            [0, 0, 0],
            [0, 0, 0],
            [0, 0, 0]
          ],
          "cm_mean_normalized": [
            [0.357142857142857, 0.0873015873015873, 0.555555555555556],
            [0.383233532934132, 0.197604790419162, 0.419161676646707],
            [0.167155425219941, 0.0439882697947214, 0.788856304985337]
          ],
          "cm_std_normalized": [
            [0, 0, 0],
            [0, 0, 0],
            [0, 0, 0]
          ]
        },
        "full_test_acc": 0.553627760252366,
        "full_test_f1": 0.455477377547066
      },
      {
        "fusion_method": "term",
        "seed": 43,
        "cv_val_f1_folds": [0.470800245132306, 0.445544151189313, 0.443426020764409, 0.511551079681241, 0.498814059961601],
        "cv_test_f1_folds": [0.443448340305284, 0.477234115029793, 0.451117650788678, 0.450202697982712, 0.481806118442941],
        "cv_val_f1_mean": 0.474027111345774,
        "cv_val_f1_std": 0.0307431270812187,
        "cv_test_f1_mean": 0.460761784509881,
        "cv_test_f1_std": 0.0174532277615757,
        "cv_val_confusion": {
          "cm_mean": [
            [72.2, 18.8, 62.4],
            [27, 16, 37.6],
            [28.6, 11.8, 135]
          ],
          "cm_std": [
            [9.80815986819138, 4.60434577328854, 9.01665126307988],
            [8.74642784226795, 3.08220700148449, 10.8305124532498],
            [3.57770876399966, 1.78885438199983, 5.1478150704935]
          ],
          "cm_mean_normalized": [
            [0.470664928292047, 0.122555410691004, 0.406779661016949],
            [0.334987593052109, 0.198511166253102, 0.466501240694789],
            [0.163055872291904, 0.0672748004561004, 0.769669327251995]
          ],
          "cm_std_normalized": [
            [0.0639384606792137, 0.0300152918728066, 0.0587786914151231],
            [0.108516474469826, 0.0382407816561351, 0.134373603638336],
            [0.0203974273888236, 0.0101987136944118, 0.0293490026824031]
          ]
        },
        "cv_val_oof_ens_acc": 0.545188080117245,
        "cv_val_oof_ens_f1": 0.474326859133215,
        "cv_val_oof_ens_confusion": {
          "cm_mean": [
            [361, 94, 312],
            [135, 80, 188],
            [143, 59, 675]
          ],
          "cm_std": [
            [0, 0, 0],
            [0, 0, 0],
            [0, 0, 0]
          ],
          "cm_mean_normalized": [
            [0.470664928292047, 0.122555410691004, 0.406779661016949],
            [0.334987593052109, 0.198511166253102, 0.466501240694789],
            [0.163055872291904, 0.0672748004561004, 0.769669327251995]
          ],
          "cm_std_normalized": [
            [0, 0, 0],
            [0, 0, 0],
            [0, 0, 0]
          ]
        },
        "cv_test_ens_acc": 0.553627760252366,
        "cv_test_ens_f1": 0.456954149649916,
        "cv_test_ens_confusion": {
          "cm_mean": [
            [46, 11, 69],
            [60, 40, 67],
            [59, 17, 265]
          ],
          "cm_std": [
            [0, 0, 0],
            [0, 0, 0],
            [0, 0, 0]
          ],
          "cm_mean_normalized": [
            [0.365079365079365, 0.0873015873015873, 0.547619047619048],
            [0.359281437125749, 0.239520958083832, 0.401197604790419],
            [0.173020527859238, 0.0498533724340176, 0.777126099706745]
          ],
          "cm_std_normalized": [
            [0, 0, 0],
            [0, 0, 0],
            [0, 0, 0]
          ]
        },
        "full_test_acc": 0.550473186119874,
        "full_test_f1": 0.448122735964812
      },
      {
        "fusion_method": "term",
        "seed": 44,
        "cv_val_f1_folds": [0.475587198782733, 0.471049679826605, 0.479151862161571, 0.449817581361562, 0.453947508832083],
        "cv_test_f1_folds": [0.440510510510511, 0.427842435802635, 0.456939945377174, 0.417821776830826, 0.4177134676839],
        "cv_val_f1_mean": 0.465910766192911,
        "cv_val_f1_std": 0.0132049093914779,
        "cv_test_f1_mean": 0.432165627241009,
        "cv_test_f1_std": 0.0167085671180999,
        "cv_val_confusion": {
          "cm_mean": [
            [76.6, 11.6, 65.2],
            [29.6, 13, 38],
            [30.8, 10.8, 133.8]
          ],
          "cm_std": [
            [6.98569967862919, 4.92950301754649, 7.04982269280583],
            [2.30217288664427, 2.73861278752583, 2.12132034355964],
            [6.09918027279076, 3.56370593624109, 9.44457516249408]
          ],
          "cm_mean_normalized": [
            [0.499348109517601, 0.075619295958279, 0.42503259452412],
            [0.367245657568238, 0.161290322580645, 0.471464019851117],
            [0.175598631698974, 0.0615735461801596, 0.762827822120867]
          ],
          "cm_std_normalized": [
            [0.0455391113339582, 0.032134961000955, 0.0459571231604031],
            [0.0285629390402515, 0.0339778261479632, 0.0263191109622784],
            [0.0347729776099815, 0.0203175937071898, 0.0538459245296127]
          ]
        },
        "cv_val_oof_ens_acc": 0.545676599902296,
        "cv_val_oof_ens_f1": 0.466856906160136,
        "cv_val_oof_ens_confusion": {
          "cm_mean": [
            [383, 58, 326],
            [148, 65, 190],
            [154, 54, 669]
          ],
          "cm_std": [
            [0, 0, 0],
            [0, 0, 0],
            [0, 0, 0]
          ],
          "cm_mean_normalized": [
            [0.499348109517601, 0.075619295958279, 0.42503259452412],
            [0.367245657568238, 0.161290322580645, 0.471464019851117],
            [0.175598631698974, 0.0615735461801596, 0.762827822120867]
          ],
          "cm_std_normalized": [
            [0, 0, 0],
            [0, 0, 0],
            [0, 0, 0]
          ]
        },
        "cv_test_ens_acc": 0.55205047318612,
        "cv_test_ens_f1": 0.449822085330297,
        "cv_test_ens_confusion": {
          "cm_mean": [
            [52, 7, 67],
            [58, 32, 77],
            [61, 14, 266]
          ],
          "cm_std": [
            [0, 0, 0],
            [0, 0, 0],
            [0, 0, 0]
          ],
          "cm_mean_normalized": [
            [0.412698412698413, 0.0555555555555556, 0.531746031746032],
            [0.347305389221557, 0.191616766467066, 0.461077844311377],
            [0.178885630498534, 0.0410557184750733, 0.780058651026393]
          ],
          "cm_std_normalized": [
            [0, 0, 0],
            [0, 0, 0],
            [0, 0, 0]
          ]
        },
        "full_test_acc": 0.550473186119874,
        "full_test_f1": 0.462444938497897
      }
    ],
    "concat": [
      {
        "fusion_method": "concat",
        "seed": 42,
        "cv_val_f1_folds": [0.710208527855587, 0.78492877417509, 0.753061453769239, 0.738103861499279, 0.755215152308632],
        "cv_test_f1_folds": [0.727456739745431, 0.711391704471783, 0.743206574943019, 0.734901418766465, 0.743871825829986],
        "cv_val_f1_mean": 0.748303553921565,
        "cv_val_f1_std": 0.0272354516132957,
        "cv_test_f1_mean": 0.732165652751337,
        "cv_test_f1_std": 0.0134178207572838,
        "cv_val_confusion": {
          "cm_mean": [
            [125.6, 15.8, 12],
            [16.6, 47, 17],
            [10.6, 16.8, 148]
          ],
          "cm_std": [
            [6.73052746818554, 4.91934955049954, 3],
            [3.36154726279432, 6.67083203206317, 5.29150262212918],
            [4.4497190922574, 6.30079360080935, 8.27647267862342]
          ],
          "cm_mean_normalized": [
            [0.81877444589309, 0.102998696219035, 0.0782268578878748],
            [0.205955334987593, 0.583126550868486, 0.210918114143921],
            [0.0604332953249715, 0.0957810718358039, 0.843785632839225]
          ],
          "cm_std_normalized": [
            [0.043875667980349, 0.0320687715156424, 0.0195567144719687],
            [0.0417065417220139, 0.082764665410213, 0.0656513972968881],
            [0.0253689800014675, 0.0359224264584341, 0.0471862752487082]
          ]
        },
        "cv_val_oof_ens_acc": 0.783097215437225,
        "cv_val_oof_ens_f1": 0.749033325410911,
        "cv_val_oof_ens_confusion": {
          "cm_mean": [
            [628, 79, 60],
            [83, 235, 85],
            [53, 84, 740]
          ],
          "cm_std": [
            [0, 0, 0],
            [0, 0, 0],
            [0, 0, 0]
          ],
          "cm_mean_normalized": [
            [0.81877444589309, 0.102998696219035, 0.0782268578878748],
            [0.205955334987593, 0.583126550868486, 0.210918114143921],
            [0.0604332953249715, 0.0957810718358039, 0.843785632839225]
          ],
          "cm_std_normalized": [
            [0, 0, 0],
            [0, 0, 0],
            [0, 0, 0]
          ]
        },
        "cv_test_ens_acc": 0.77602523659306,
        "cv_test_ens_f1": 0.728270230923304,
        "cv_test_ens_confusion": {
          "cm_mean": [
            [106, 9, 11],
            [44, 81, 42],
            [13, 23, 305]
          ],
          "cm_std": [
            [0, 0, 0],
            [0, 0, 0],
            [0, 0, 0]
          ],
          "cm_mean_normalized": [
            [0.841269841269841, 0.0714285714285714, 0.0873015873015873],
            [0.263473053892216, 0.48502994011976, 0.251497005988024],
            [0.0381231671554252, 0.0674486803519062, 0.894428152492669]
          ],
          "cm_std_normalized": [
            [0, 0, 0],
            [0, 0, 0],
            [0, 0, 0]
          ]
        },
        "full_test_acc": 0.779179810725552,
        "full_test_f1": 0.734424275142272
      },
      {
        "fusion_method": "concat",
        "seed": 43,
        "cv_val_f1_folds": [0.740205296271958, 0.741596901433291, 0.727741847692613, 0.77434057167693, 0.76771461575695],
        "cv_test_f1_folds": [0.718334932386624, 0.698706756227833, 0.754079379613919, 0.726589496493129, 0.732712516642457],
        "cv_val_f1_mean": 0.750319846566348,
        "cv_val_f1_std": 0.0197973051362229,
        "cv_test_f1_mean": 0.726084616272792,
        "cv_test_f1_std": 0.0202329901574737,
        "cv_val_confusion": {
          "cm_mean": [
            [125.2, 16.4, 11.8],
            [18.2, 46.2, 16.2],
            [9.8, 15.2, 150.4]
          ],
          "cm_std": [
            [5.6302753041037, 7.89303490426845, 3.63318042491699],
            [2.58843582110896, 3.03315017762062, 2.77488738510232],
            [2.28035085019828, 3.96232255123179, 5.31977443130815]
          ],
          "cm_mean_normalized": [
            [0.816166883963494, 0.106910039113429, 0.0769230769230769],
            [0.225806451612903, 0.573200992555831, 0.200992555831266],
            [0.0558722919042189, 0.0866590649942987, 0.857468643101482]
          ],
          "cm_std_normalized": [
            [0.0367032288403109, 0.0514539433133536, 0.0236843573984158],
            [0.0321145883512278, 0.037632136198767, 0.0344278831898551],
            [0.0130008600353379, 0.0225902083878665, 0.0303293867235357]
          ]
        },
        "cv_val_oof_ens_acc": 0.786028334147533,
        "cv_val_oof_ens_f1": 0.750076822559922,
        "cv_val_oof_ens_confusion": {
          "cm_mean": [
            [626, 82, 59],
            [91, 231, 81],
            [49, 76, 752]
          ],
          "cm_std": [
            [0, 0, 0],
            [0, 0, 0],
            [0, 0, 0]
          ],
          "cm_mean_normalized": [
            [0.816166883963494, 0.106910039113429, 0.0769230769230769],
            [0.225806451612903, 0.573200992555831, 0.200992555831266],
            [0.0558722919042189, 0.0866590649942988, 0.857468643101482]
          ],
          "cm_std_normalized": [
            [0, 0, 0],
            [0, 0, 0],
            [0, 0, 0]
          ]
        },
        "cv_test_ens_acc": 0.771293375394322,
        "cv_test_ens_f1": 0.72523828363718,
        "cv_test_ens_confusion": {
          "cm_mean": [
            [106, 11, 9],
            [39, 80, 48],
            [14, 24, 303]
          ],
          "cm_std": [
            [0, 0, 0],
            [0, 0, 0],
            [0, 0, 0]
          ],
          "cm_mean_normalized": [
            [0.841269841269841, 0.0873015873015873, 0.0714285714285714],
            [0.233532934131737, 0.479041916167665, 0.287425149700599],
            [0.0410557184750733, 0.0703812316715543, 0.888563049853372]
          ],
          "cm_std_normalized": [
            [0, 0, 0],
            [0, 0, 0],
            [0, 0, 0]
          ]
        },
        "full_test_acc": 0.788643533123028,
        "full_test_f1": 0.739732123975888
      },
      {
        "fusion_method": "concat",
        "seed": 44,
        "cv_val_f1_folds": [0.747711219100787, 0.75180625498958, 0.745310849753686, 0.733908987110887, 0.763170010662014],
        "cv_test_f1_folds": [0.705654894353837, 0.762205765109343, 0.730115952695341, 0.729327507158581, 0.704900726694878],
        "cv_val_f1_mean": 0.748381464323391,
        "cv_val_f1_std": 0.010603782262445,
        "cv_test_f1_mean": 0.726440969202396,
        "cv_test_f1_std": 0.0234360896173192,
        "cv_val_confusion": {
          "cm_mean": [
            [127, 14.2, 12.2],
            [18.2, 44.4, 18],
            [12.2, 12.8, 150.4]
          ],
          "cm_std": [
            [3.16227766016838, 3.03315017762062, 4.32434966208793],
            [3.70135110466435, 4.72228758124704, 2],
            [5.35723809439155, 1.48323969741913, 6.46529195009785]
          ],
          "cm_mean_normalized": [
            [0.827900912646676, 0.0925684485006519, 0.0795306388526728],
            [0.225806451612903, 0.550868486352357, 0.223325062034739],
            [0.0695553021664766, 0.0729760547320411, 0.857468643101482]
          ],
          "cm_std_normalized": [
            [0.0206145870936661, 0.0197728173247759, 0.0281900238728027],
            [0.0459224702811954, 0.058589175945993, 0.0248138957816377],
            [0.0305429765928823, 0.00845632666715583, 0.0368602733757004]
          ]
        },
        "cv_val_oof_ens_acc": 0.786028334147533,
        "cv_val_oof_ens_f1": 0.748800054595442,
        "cv_val_oof_ens_confusion": {
          "cm_mean": [
            [635, 71, 61],
            [91, 222, 90],
            [61, 64, 752]
          ],
          "cm_std": [
            [0, 0, 0],
            [0, 0, 0],
            [0, 0, 0]
          ],
          "cm_mean_normalized": [
            [0.827900912646675, 0.0925684485006519, 0.0795306388526728],
            [0.225806451612903, 0.550868486352357, 0.223325062034739],
            [0.0695553021664766, 0.0729760547320411, 0.857468643101482]
          ],
          "cm_std_normalized": [
            [0, 0, 0],
            [0, 0, 0],
            [0, 0, 0]
          ]
        },
        "cv_test_ens_acc": 0.785488958990536,
        "cv_test_ens_f1": 0.735079576189531,
        "cv_test_ens_confusion": {
          "cm_mean": [
            [111, 3, 12],
            [46, 76, 45],
            [13, 17, 311]
          ],
          "cm_std": [
            [0, 0, 0],
            [0, 0, 0],
            [0, 0, 0]
          ],
          "cm_mean_normalized": [
            [0.880952380952381, 0.0238095238095238, 0.0952380952380952],
            [0.275449101796407, 0.455089820359281, 0.269461077844311],
            [0.0381231671554252, 0.0498533724340176, 0.912023460410557]
          ],
          "cm_std_normalized": [
            [0, 0, 0],
            [0, 0, 0],
            [0, 0, 0]
          ]
        },
        "full_test_acc": 0.782334384858044,
        "full_test_f1": 0.732025641583245
      }
    ],
    "add": [
      {
        "fusion_method": "add",
        "seed": 42,
        "cv_val_f1_folds": [0.702385760732643, 0.795154778471142, 0.750763188458952, 0.712013318120266, 0.744082840236687],
        "cv_test_f1_folds": [0.766036496881831, 0.692844481362867, 0.744664698948533, 0.698493084569034, 0.721208663748194],
        "cv_val_f1_mean": 0.740879977203938,
        "cv_val_f1_std": 0.0366359760252953,
        "cv_test_f1_mean": 0.724649485102092,
        "cv_test_f1_std": 0.0309073143958772,
        "cv_val_confusion": {
          "cm_mean": [
            [125, 15.8, 12.6],
            [17.8, 45.2, 17.6],
            [10.4, 17, 148]
          ],
          "cm_std": [
            [4.84767985741633, 4.91934955049954, 2.40831891575846],
            [3.11448230047949, 5.49545266561364, 4.6690470119715],
            [4.03732584763727, 6.44204936336256, 8.5146931829632]
          ],
          "cm_mean_normalized": [
            [0.814863102998696, 0.102998696219035, 0.0821382007822686],
            [0.220843672456576, 0.560794044665013, 0.218362282878412],
            [0.0592930444697834, 0.096921322690992, 0.843785632839225]
          ],
          "cm_std_normalized": [
            [0.0316015636076684, 0.0320687715156424, 0.0156996017976432],
            [0.0386412196089267, 0.06818179485873, 0.0579286229773139],
            [0.0230178212522079, 0.0367277614786919, 0.0485444309176921]
          ]
        },
        "cv_val_oof_ens_acc": 0.77723497801661,
        "cv_val_oof_ens_f1": 0.740828704356267,
        "cv_val_oof_ens_confusion": {
          "cm_mean": [
            [625, 79, 63],
            [89, 226, 88],
            [52, 85, 740]
          ],
          "cm_std": [
            [0, 0, 0],
            [0, 0, 0],
            [0, 0, 0]
          ],
          "cm_mean_normalized": [
            [0.814863102998696, 0.102998696219035, 0.0821382007822686],
            [0.220843672456576, 0.560794044665012, 0.218362282878412],
            [0.0592930444697834, 0.096921322690992, 0.843785632839225]
          ],
          "cm_std_normalized": [
            [0, 0, 0],
            [0, 0, 0],
            [0, 0, 0]
          ]
        },
        "cv_test_ens_acc": 0.782334384858044,
        "cv_test_ens_f1": 0.739679164105931,
        "cv_test_ens_confusion": {
          "cm_mean": [
            [105, 10, 11],
            [40, 88, 39],
            [14, 24, 303]
          ],
          "cm_std": [
            [0, 0, 0],
            [0, 0, 0],
            [0, 0, 0]
          ],
          "cm_mean_normalized": [
            [0.833333333333333, 0.0793650793650794, 0.0873015873015873],
            [0.239520958083832, 0.526946107784431, 0.233532934131737],
            [0.0410557184750733, 0.0703812316715543, 0.888563049853372]
          ],
          "cm_std_normalized": [
            [0, 0, 0],
            [0, 0, 0],
            [0, 0, 0]
          ]
        },
        "full_test_acc": 0.774447949526814,
        "full_test_f1": 0.721634186736959
      },
      {
        "fusion_method": "add",
        "seed": 43,
        "cv_val_f1_folds": [0.720737958164655, 0.749181550126144, 0.731783106681892, 0.754649910425061, 0.752662867433361],
        "cv_test_f1_folds": [0.671818730681089, 0.710473909556689, 0.724507620284258, 0.691117708862747, 0.726773391703501],
        "cv_val_f1_mean": 0.741803078566223,
        "cv_val_f1_std": 0.0148455134611771,
        "cv_test_f1_mean": 0.704938272217657,
        "cv_test_f1_std": 0.0233360617419786,
        "cv_val_confusion": {
          "cm_mean": [
            [122.2, 16.6, 14.6],
            [15.6, 45, 20],
            [10.4, 13.6, 151.4]
          ],
          "cm_std": [
            [7.12039324756716, 6.42650760522385, 5.45893762558247],
            [3.20936130717624, 2.91547594742265, 2.34520787991172],
            [3.97492138287036, 3.13049516849971, 7.02139587261678]
          ],
          "cm_mean_normalized": [
            [0.796610169491525, 0.108213820078227, 0.0951760104302477],
            [0.193548387096774, 0.558312655086849, 0.248138957816377],
            [0.0592930444697834, 0.0775370581527936, 0.863169897377423]
          ],
          "cm_std_normalized": [
            [0.0464171658902683, 0.0418937914290994, 0.0355862948212677],
            [0.0398183785009459, 0.0361721581566086, 0.0290968719592024],
            [0.0226620375306178, 0.0178477489652207, 0.0400307632418289]
          ]
        },
        "cv_val_oof_ens_acc": 0.778212017586712,
        "cv_val_oof_ens_f1": 0.74195376454903,
        "cv_val_oof_ens_confusion": {
          "cm_mean": [
            [611, 83, 73],
            [78, 225, 100],
            [52, 68, 757]
          ],
          "cm_std": [
            [0, 0, 0],
            [0, 0, 0],
            [0, 0, 0]
          ],
          "cm_mean_normalized": [
            [0.796610169491525, 0.108213820078227, 0.0951760104302477],
            [0.193548387096774, 0.558312655086849, 0.248138957816377],
            [0.0592930444697834, 0.0775370581527936, 0.863169897377423]
          ],
          "cm_std_normalized": [
            [0, 0, 0],
            [0, 0, 0],
            [0, 0, 0]
          ]
        },
        "cv_test_ens_acc": 0.77602523659306,
        "cv_test_ens_f1": 0.719153313747953,
        "cv_test_ens_confusion": {
          "cm_mean": [
            [109, 7, 10],
            [44, 69, 54],
            [12, 15, 314]
          ],
          "cm_std": [
            [0, 0, 0],
            [0, 0, 0],
            [0, 0, 0]
          ],
          "cm_mean_normalized": [
            [0.865079365079365, 0.0555555555555556, 0.0793650793650794],
            [0.263473053892216, 0.413173652694611, 0.323353293413174],
            [0.0351906158357771, 0.0439882697947214, 0.920821114369501]
          ],
          "cm_std_normalized": [
            [0, 0, 0],
            [0, 0, 0],
            [0, 0, 0]
          ]
        },
        "full_test_acc": 0.76813880126183,
        "full_test_f1": 0.713372188091289
      },
      {
        "fusion_method": "add",
        "seed": 44,
        "cv_val_f1_folds": [0.73708163227776, 0.747043125276503, 0.742427326277477, 0.725757859734818, 0.774786728809717],
        "cv_test_f1_folds": [0.710077763824424, 0.727910624573827, 0.742483737971475, 0.718604302750644, 0.703819581799947],
        "cv_val_f1_mean": 0.745419334475255,
        "cv_val_f1_std": 0.0182354292965682,
        "cv_test_f1_mean": 0.720579202184063,
        "cv_test_f1_std": 0.0152366642767721,
        "cv_val_confusion": {
          "cm_mean": [
            [125.8, 14.6, 13],
            [17.8, 45.8, 17],
            [11.6, 15.8, 148]
          ],
          "cm_std": [
            [3.19374388453426, 2.96647939483827, 3.53553390593274],
            [2.16794833886788, 4.32434966208793, 2.82842712474619],
            [5.17687164221791, 2.94957624075053, 5.43139024560011]
          ],
          "cm_mean_normalized": [
            [0.820078226857888, 0.0951760104302477, 0.0847457627118644],
            [0.220843672456576, 0.568238213399504, 0.210918114143921],
            [0.0661345496009122, 0.0900798175598632, 0.843785632839225]
          ],
          "cm_std_normalized": [
            [0.0208197124154776, 0.0193381968372768, 0.0230478090347636],
            [0.0268976220703211, 0.0536519809192051, 0.0350921479497046],
            [0.0295146615861911, 0.016816284154792, 0.0309657368620303]
          ]
        },
        "cv_val_oof_ens_acc": 0.780654616511969,
        "cv_val_oof_ens_f1": 0.745685456359863,
        "cv_val_oof_ens_confusion": {
          "cm_mean": [
            [629, 73, 65],
            [89, 229, 85],
            [58, 79, 740]
          ],
          "cm_std": [
            [0, 0, 0],
            [0, 0, 0],
            [0, 0, 0]
          ],
          "cm_mean_normalized": [
            [0.820078226857888, 0.0951760104302477, 0.0847457627118644],
            [0.220843672456576, 0.568238213399504, 0.210918114143921],
            [0.0661345496009122, 0.0900798175598632, 0.843785632839225]
          ],
          "cm_std_normalized": [
            [0, 0, 0],
            [0, 0, 0],
            [0, 0, 0]
          ]
        },
        "cv_test_ens_acc": 0.793375394321767,
        "cv_test_ens_f1": 0.746705686298419,
        "cv_test_ens_confusion": {
          "cm_mean": [
            [108, 7, 11],
            [47, 86, 34],
            [14, 18, 309]
          ],
          "cm_std": [
            [0, 0, 0],
            [0, 0, 0],
            [0, 0, 0]
          ],
          "cm_mean_normalized": [
            [0.857142857142857, 0.0555555555555556, 0.0873015873015873],
            [0.281437125748503, 0.51497005988024, 0.203592814371257],
            [0.0410557184750733, 0.0527859237536657, 0.906158357771261]
          ],
          "cm_std_normalized": [
            [0, 0, 0],
            [0, 0, 0],
            [0, 0, 0]
          ]
        },
        "full_test_acc": 0.777602523659306,
        "full_test_f1": 0.721852414107398
      }
    ],
    "mul": [
      {
        "fusion_method": "mul",
        "seed": 42,
        "cv_val_f1_folds": [0.716621863187915, 0.793198569826781, 0.730432991863144, 0.703327210387637, 0.735842529538805],
        "cv_test_f1_folds": [0.723831869479221, 0.712247689333396, 0.730717690259245, 0.706971266458219, 0.712672621394005],
        "cv_val_f1_mean": 0.735884632960856,
        "cv_val_f1_std": 0.0344443376564425,
        "cv_test_f1_mean": 0.717288227384817,
        "cv_test_f1_std": 0.00969948774712479,
        "cv_val_confusion": {
          "cm_mean": [
            [128, 13, 12.4],
            [19.6, 40.6, 20.4],
            [12, 12.8, 150.6]
          ],
          "cm_std": [
            [5.8309518948453, 5.3851648071345, 2.96647939483827],
            [2.88097205817759, 6.84105255059483, 4.72228758124704],
            [3.74165738677394, 5.44977063737549, 6.8044103344816]
          ],
          "cm_mean_normalized": [
            [0.834419817470665, 0.0847457627118644, 0.0808344198174707],
            [0.24317617866005, 0.503722084367246, 0.253101736972705],
            [0.0684150513112885, 0.0729760547320411, 0.85860889395667]
          ],
          "cm_std_normalized": [
            [0.0380114204357582, 0.035105376839208, 0.0193381968372768],
            [0.0357440702007145, 0.0848765825135835, 0.058589175945993],
            [0.0213321401754501, 0.0310705281492331, 0.0387936735147184]
          ]
        },
        "cv_val_oof_ens_acc": 0.779677576941866,
        "cv_val_oof_ens_f1": 0.736579069708671,
        "cv_val_oof_ens_confusion": {
          "cm_mean": [
            [640, 65, 62],
            [98, 203, 102],
            [60, 64, 753]
          ],
          "cm_std": [
            [0, 0, 0],
            [0, 0, 0],
            [0, 0, 0]
          ],
          "cm_mean_normalized": [
            [0.834419817470665, 0.0847457627118644, 0.0808344198174707],
            [0.24317617866005, 0.503722084367246, 0.253101736972705],
            [0.0684150513112885, 0.0729760547320411, 0.858608893956671]
          ],
          "cm_std_normalized": [
            [0, 0, 0],
            [0, 0, 0],
            [0, 0, 0]
          ]
        },
        "cv_test_ens_acc": 0.785488958990536,
        "cv_test_ens_f1": 0.734353176531231,
        "cv_test_ens_confusion": {
          "cm_mean": [
            [110, 7, 9],
            [46, 77, 44],
            [12, 18, 311]
          ],
          "cm_std": [
            [0, 0, 0],
            [0, 0, 0],
            [0, 0, 0]
          ],
          "cm_mean_normalized": [
            [0.873015873015873, 0.0555555555555556, 0.0714285714285714],
            [0.275449101796407, 0.461077844311377, 0.263473053892216],
            [0.0351906158357771, 0.0527859237536657, 0.912023460410557]
          ],
          "cm_std_normalized": [
            [0, 0, 0],
            [0, 0, 0],
            [0, 0, 0]
          ]
        },
        "full_test_acc": 0.771293375394322,
        "full_test_f1": 0.72357464206314
      },
      {
        "fusion_method": "mul",
        "seed": 43,
