{
  "benchmark_type": "kfold_plus_full_multiseed",
  "methods": [
    "sent",
    "term",
    "concat",
    "add",
    "mul",
    "cross",
    "gated_concat",
    "bilinear",
    "coattn",
    "late_interaction"
  ],
  "seeds": [42, 43, 44],
  "k_folds": 5,
  "config": {
    "model_name": "roberta-base",
    "fusion_method": "concat",
    "epochs": 10,
    "train_batch_size": 16,
    "eval_batch_size": 32,
    "lr": 0.00002,
    "warmup_ratio": 0.1,
    "dropout": 0.1,
    "freeze_epochs": 3,
    "rolling_k": 3,
    "early_stop_patience": 5,
    "k_folds": 5,
    "seed": 42,
    "max_len_sent": 24,
    "max_len_term": 4,
    "output_dir": "/kaggle/working/A-MoE-ASC/saved_model",
    "output_name": "phase1_locked_baseline",
    "verbose_report": false,
    "train_full_only": false,
    "head_type": "linear",
    "do_ensemble_logits": true,
    "loss_type": "weighted_ce",
    "class_weights": "1.0,1.1,1.5",
    "focal_gamma": 2
  },
  "runs": {
    "sent": [
      {
        "fusion_method": "sent",
        "seed": 42,
        "cv_val_f1_folds": [0.713753521930734, 0.799135364944448, 0.728202342007092, 0.728062106295484, 0.742648188446717],
        "cv_test_f1_folds": [0.737313895495387, 0.712309106437184, 0.719718011178407, 0.720603574536159, 0.734896086521338],
        "cv_val_f1_mean": 0.742360304724895,
        "cv_val_f1_std": 0.0333418833768016,
        "cv_test_f1_mean": 0.724968134833695,
        "cv_test_f1_std": 0.0106986706645998,
        "cv_val_confusion": {
          "cm_mean": [
            [124.6, 16.4, 12.4],
            [16.6, 46, 18],
            [10.8, 16.8, 147.8]
          ],
          "cm_std": [
            [5.7706152185014, 3.84707681233427, 3.20936130717624],
            [2.30217288664427, 5.33853912601566, 4.94974746830583],
            [3.89871773792359, 6.05805249234438, 7.72657750883274]
          ],
          "cm_mean_normalized": [
            [0.8122555410691, 0.106910039113429, 0.0808344198174707],
            [0.205955334987593, 0.570719602977668, 0.223325062034739],
            [0.0615735461801596, 0.0957810718358039, 0.842645381984037]
          ],
          "cm_std_normalized": [
            [0.0376180913852764, 0.0250787275901843, 0.0209215209072767],
            [0.0285629390402515, 0.0662349767495739, 0.061411258911983],
            [0.0222275811740227, 0.0345384976758517, 0.04405118306062]
          ]
        },
        "cv_val_oof_ens_acc": 0.777723497801661,
        "cv_val_oof_ens_f1": 0.742557181372523,
        "cv_val_oof_ens_confusion": {
          "cm_mean": [
            [623, 82, 62],
            [83, 230, 90],
            [54, 84, 739]
          ],
          "cm_std": [
            [0, 0, 0],
            [0, 0, 0],
            [0, 0, 0]
          ],
          "cm_mean_normalized": [
            [0.8122555410691, 0.106910039113429, 0.0808344198174707],
            [0.205955334987593, 0.570719602977667, 0.223325062034739],
            [0.0615735461801596, 0.0957810718358039, 0.842645381984037]
          ],
          "cm_std_normalized": [
            [0, 0, 0],
            [0, 0, 0],
            [0, 0, 0]
          ]
        },
        "cv_test_ens_acc": 0.777602523659306,
        "cv_test_ens_f1": 0.730387943862464,
        "cv_test_ens_confusion": {
          "cm_mean": [
            [103, 11, 12],
            [43, 85, 39],
            [16, 20, 305]
          ],
          "cm_std": [
            [0, 0, 0],
            [0, 0, 0],
            [0, 0, 0]
          ],
          "cm_mean_normalized": [
            [0.817460317460317, 0.0873015873015873, 0.0952380952380952],
            [0.25748502994012, 0.508982035928144, 0.233532934131737],
            [0.0469208211143695, 0.0586510263929619, 0.894428152492669]
          ],
          "cm_std_normalized": [
            [0, 0, 0],
            [0, 0, 0],
            [0, 0, 0]
          ]
        },
        "full_test_acc": 0.77602523659306,
        "full_test_f1": 0.72309477118027
      },
      {
        "fusion_method": "sent",
        "seed": 43,
        "cv_val_f1_folds": [0.733221982339441, 0.745641268730901, 0.728277856187306, 0.74452593565786, 0.752051731763486],
        "cv_test_f1_folds": [0.747315519391102, 0.716996940972254, 0.7277837827381, 0.707596268770381, 0.719695907338938],
        "cv_val_f1_mean": 0.740743754935799,
        "cv_val_f1_std": 0.00972286695015982,
        "cv_test_f1_mean": 0.723877683842155,
        "cv_test_f1_std": 0.0149541473988684,
        "cv_val_confusion": {
          "cm_mean": [
            [124, 15.8, 13.6],
            [17.8, 46, 16.8],
            [11.2, 16.8, 147.4]
          ],
          "cm_std": [
            [7.10633520177595, 5.93295878967653, 4.15932686861708],
            [4.20713679359253, 1.73205080756888, 3.42052627529741],
            [3.4928498393146, 4.02492235949962, 5.50454357780915]
          ],
          "cm_mean_normalized": [
            [0.808344198174707, 0.102998696219035, 0.0886571056062581],
            [0.220843672456576, 0.570719602977668, 0.208436724565757],
            [0.0638540478905359, 0.0957810718358039, 0.84036488027366]
          ],
          "cm_std_normalized": [
            [0.0463255228277441, 0.0386763936745537, 0.0271142559883773],
            [0.0521977269676492, 0.0214894641137578, 0.0424382912567917],
            [0.0199136250816112, 0.0229471058124266, 0.0313828026100864]
          ]
        },
        "cv_val_oof_ens_acc": 0.775280898876405,
        "cv_val_oof_ens_f1": 0.740647837226479,
        "cv_val_oof_ens_confusion": {
          "cm_mean": [
            [620, 79, 68],
            [89, 230, 84],
            [56, 84, 737]
          ],
          "cm_std": [
            [0, 0, 0],
            [0, 0, 0],
            [0, 0, 0]
          ],
          "cm_mean_normalized": [
            [0.808344198174707, 0.102998696219035, 0.0886571056062582],
            [0.220843672456576, 0.570719602977667, 0.208436724565757],
            [0.0638540478905359, 0.0957810718358039, 0.84036488027366]
          ],
          "cm_std_normalized": [
            [0, 0, 0],
            [0, 0, 0],
            [0, 0, 0]
          ]
        },
        "cv_test_ens_acc": 0.774447949526814,
        "cv_test_ens_f1": 0.721578981308667,
        "cv_test_ens_confusion": {
          "cm_mean": [
            [110, 7, 9],
            [48, 74, 45],
            [15, 19, 307]
          ],
          "cm_std": [
            [0, 0, 0],
            [0, 0, 0],
            [0, 0, 0]
          ],
          "cm_mean_normalized": [
            [0.873015873015873, 0.0555555555555556, 0.0714285714285714],
            [0.287425149700599, 0.44311377245509, 0.269461077844311],
            [0.0439882697947214, 0.0557184750733138, 0.900293255131965]
          ],
          "cm_std_normalized": [
            [0, 0, 0],
            [0, 0, 0],
            [0, 0, 0]
          ]
        },
        "full_test_acc": 0.766561514195584,
        "full_test_f1": 0.712421760064136
      },
      {
        "fusion_method": "sent",
        "seed": 44,
        "cv_val_f1_folds": [0.74134426881588, 0.725870222509993, 0.7448696567873, 0.708093808404172, 0.758657008557999],
        "cv_test_f1_folds": [0.71203007518797, 0.722135123050063, 0.718428622751363, 0.733806790974715, 0.749495349116069],
        "cv_val_f1_mean": 0.735766993015069,
        "cv_val_f1_std": 0.0193756839724634,
        "cv_test_f1_mean": 0.727179192216036,
        "cv_test_f1_std": 0.0147770664420424,
        "cv_val_confusion": {
          "cm_mean": [
            [123.6, 16.2, 13.6],
            [18, 45.4, 17.2],
            [12, 16.6, 146.8]
          ],
          "cm_std": [
            [7.02139587261678, 4.14728827066554, 5.07937003968012],
            [1.87082869338697, 4.87852436706019, 5.44977063737549],
            [5.09901951359278, 3.04959013639538, 6.22093240599832]
          ],
          "cm_mean_normalized": [
            [0.805736636245111, 0.105606258148631, 0.0886571056062582],
            [0.223325062034739, 0.563275434243176, 0.213399503722084],
            [0.0684150513112885, 0.0946408209806157, 0.836944127708096]
          ],
          "cm_std_normalized": [
            [0.045771811425142, 0.027035777514117, 0.0331119298544988],
            [0.0232112741115009, 0.0605275976062058, 0.0676150203148323],
            [0.029070806804976, 0.0173864888049908, 0.035467117480036]
          ]
        },
        "cv_val_oof_ens_acc": 0.771372740595994,
        "cv_val_oof_ens_f1": 0.73624272826946,
        "cv_val_oof_ens_confusion": {
          "cm_mean": [
            [618, 81, 68],
            [90, 227, 86],
            [60, 83, 734]
          ],
          "cm_std": [
            [0, 0, 0],
            [0, 0, 0],
            [0, 0, 0]
          ],
          "cm_mean_normalized": [
            [0.805736636245111, 0.105606258148631, 0.0886571056062582],
            [0.223325062034739, 0.563275434243176, 0.213399503722084],
            [0.0684150513112885, 0.0946408209806157, 0.836944127708096]
          ],
          "cm_std_normalized": [
            [0, 0, 0],
            [0, 0, 0],
            [0, 0, 0]
          ]
        },
        "cv_test_ens_acc": 0.771293375394322,
        "cv_test_ens_f1": 0.722338806500482,
        "cv_test_ens_confusion": {
          "cm_mean": [
            [110, 8, 8],
            [51, 79, 37],
            [16, 25, 300]
          ],
          "cm_std": [
            [0, 0, 0],
            [0, 0, 0],
            [0, 0, 0]
          ],
          "cm_mean_normalized": [
            [0.873015873015873, 0.0634920634920635, 0.0634920634920635],
            [0.305389221556886, 0.473053892215569, 0.221556886227545],
            [0.0469208211143695, 0.0733137829912024, 0.879765395894428]
          ],
          "cm_std_normalized": [
            [0, 0, 0],
            [0, 0, 0],
            [0, 0, 0]
          ]
        },
        "full_test_acc": 0.763406940063092,
        "full_test_f1": 0.70574916999624
      }
    ],
    "term": [
      {
        "fusion_method": "term",
        "seed": 42,
        "cv_val_f1_folds": [0.509469961080615, 0.497161094282918, 0.477800761934981, 0.446884595762704, 0.460861440371685],
        "cv_test_f1_folds": [0.463830952475524, 0.435342680963042, 0.457761290691578, 0.434687029586846, 0.464006084477291],
        "cv_val_f1_mean": 0.478435570686581,
        "cv_val_f1_std": 0.0255856193896566,
        "cv_test_f1_mean": 0.451125607638856,
        "cv_test_f1_std": 0.0149222349482781,
        "cv_val_confusion": {
          "cm_mean": [
            [77.4, 15.4, 60.6],
            [30, 14.2, 36.4],
            [27.4, 11.6, 136.4]
          ],
          "cm_std": [
            [6.10737259384099, 3.36154726279432, 6.91375440697744],
            [6.04152298679729, 3.63318042491699, 3.36154726279432],
            [5.27257053058563, 5.59464029227975, 5.02991053598372]
          ],
          "cm_mean_normalized": [
            [0.504563233376793, 0.100391134289439, 0.395045632333768],
            [0.372208436724566, 0.176178660049628, 0.451612903225806],
            [0.156214367160775, 0.0661345496009122, 0.777651083238312]
          ],
          "cm_std_normalized": [
            [0.0398133806638917, 0.0219136066674988, 0.0450701069555244],
            [0.0749568608783783, 0.0450766802098882, 0.0417065417220139],
            [0.0300602652827003, 0.0318964668887101, 0.0286767989508764]
          ]
        },
        "cv_val_oof_ens_acc": 0.556912554958476,
        "cv_val_oof_ens_f1": 0.479205035750197,
        "cv_val_oof_ens_confusion": {
          "cm_mean": [
            [387, 77, 303],
            [150, 71, 182],
            [137, 58, 682]
          ],
          "cm_std": [
            [0, 0, 0],
            [0, 0, 0],
            [0, 0, 0]
          ],
          "cm_mean_normalized": [
            [0.504563233376793, 0.100391134289439, 0.395045632333768],
            [0.372208436724566, 0.176178660049628, 0.451612903225806],
            [0.156214367160775, 0.0661345496009122, 0.777651083238312]
          ],
          "cm_std_normalized": [
            [0, 0, 0],
            [0, 0, 0],
            [0, 0, 0]
          ]
        },
        "cv_test_ens_acc": 0.542586750788644,
        "cv_test_ens_f1": 0.431041942604857,
        "cv_test_ens_confusion": {
          "cm_mean": [
            [50, 9, 67],
            [65, 27, 75],
            [61, 13, 267]
          ],
          "cm_std": [
            [0, 0, 0],
            [0, 0, 0],
            [0, 0, 0]
          ],
          "cm_mean_normalized": [
            [0.396825396825397, 0.0714285714285714, 0.531746031746032],
            [0.389221556886228, 0.161676646706587, 0.449101796407186],
            [0.178885630498534, 0.0381231671554252, 0.782991202346041]
          ],
          "cm_std_normalized": [
            [0, 0, 0],
            [0, 0, 0],
            [0, 0, 0]
          ]
        },
        "full_test_acc": 0.55993690851735,
        "full_test_f1": 0.462736259553709
      },
      {
        "fusion_method": "term",
        "seed": 43,
        "cv_val_f1_folds": [0.492423717059639, 0.462025268517001, 0.461179291832657, 0.515837440105645, 0.505872192576964],
        "cv_test_f1_folds": [0.442009491517567, 0.477700024218322, 0.474808914527689, 0.442206413102581, 0.472474801283666],
        "cv_val_f1_mean": 0.487467582018381,
        "cv_val_f1_std": 0.0250326153719659,
        "cv_test_f1_mean": 0.461839928929965,
        "cv_test_f1_std": 0.0181077256418388,
        "cv_val_confusion": {
          "cm_mean": [
            [77, 15.6, 60.8],
            [29.4, 16.4, 34.8],
            [28.8, 11.4, 135.2]
          ],
          "cm_std": [
            [7.21110255092798, 5.59464029227975, 6.09918027279076],
            [7.05691150575094, 3.50713558335004, 9.23038460737146],
            [2.58843582110896, 3.04959013639538, 3.27108544675923]
          ],
          "cm_mean_normalized": [
            [0.501955671447197, 0.101694915254237, 0.396349413298566],
            [0.364764267990074, 0.203473945409429, 0.431761786600496],
            [0.164196123147092, 0.0649942987457241, 0.770809578107184]
          ],
          "cm_std_normalized": [
            [0.0470084912055279, 0.0364709275898289, 0.0397599757026777],
            [0.087554733321972, 0.0435128484286605, 0.114520900835874],
            [0.0147573307930955, 0.0173864888049908, 0.0186492898903035]
          ]
        },
        "cv_val_oof_ens_acc": 0.55837811431363,
        "cv_val_oof_ens_f1": 0.487936197575498,
        "cv_val_oof_ens_confusion": {
          "cm_mean": [
            [385, 78, 304],
            [147, 82, 174],
            [144, 57, 676]
          ],
          "cm_std": [
            [0, 0, 0],
            [0, 0, 0],
            [0, 0, 0]
          ],
          "cm_mean_normalized": [
            [0.501955671447197, 0.101694915254237, 0.396349413298566],
            [0.364764267990074, 0.203473945409429, 0.431761786600496],
            [0.164196123147092, 0.0649942987457241, 0.770809578107184]
          ],
          "cm_std_normalized": [
            [0, 0, 0],
            [0, 0, 0],
            [0, 0, 0]
          ]
        },
        "cv_test_ens_acc": 0.55205047318612,
        "cv_test_ens_f1": 0.455847791594233,
        "cv_test_ens_confusion": {
          "cm_mean": [
            [53, 9, 64],
            [65, 35, 67],
            [63, 16, 262]
          ],
          "cm_std": [
            [0, 0, 0],
            [0, 0, 0],
            [0, 0, 0]
          ],
          "cm_mean_normalized": [
            [0.420634920634921, 0.0714285714285714, 0.507936507936508],
            [0.389221556886228, 0.209580838323353, 0.401197604790419],
            [0.18475073313783, 0.0469208211143695, 0.768328445747801]
          ],
          "cm_std_normalized": [
            [0, 0, 0],
            [0, 0, 0],
            [0, 0, 0]
          ]
        },
        "full_test_acc": 0.548895899053628,
        "full_test_f1": 0.446830324300204
      },
      {
        "fusion_method": "term",
        "seed": 44,
        "cv_val_f1_folds": [0.4833040597299, 0.465641025641026, 0.51942161336544, 0.465692630265325, 0.464599527692507],
        "cv_test_f1_folds": [0.43697322215443, 0.422969348659004, 0.477074702020652, 0.422616744957171, 0.441469346479585],
        "cv_val_f1_mean": 0.479731771338839,
        "cv_val_f1_std": 0.023519546119238,
        "cv_test_f1_mean": 0.440220672854168,
        "cv_test_f1_std": 0.0222364062494564,
        "cv_val_confusion": {
          "cm_mean": [
            [79.4, 12.8, 61.2],
            [30.6, 14.6, 35.4],
            [31.2, 11, 133.2]
          ],
          "cm_std": [
            [6.18869937870632, 4.65832587954085, 7.85493475466219],
            [3.78153408023781, 3.43511280746353, 4.72228758124704],
            [6.97853852894716, 4.41588043316392, 10.2810505299799]
          ],
          "cm_mean_normalized": [
            [0.517601043024772, 0.0834419817470665, 0.398956975228162],
            [0.379652605459057, 0.181141439205955, 0.439205955334988],
            [0.17787913340935, 0.0627137970353478, 0.759407069555302]
          ],
          "cm_std_normalized": [
            [0.0403435422340699, 0.0303671830478543, 0.0512055720642907],
            [0.0469172962808661, 0.0426192656012845, 0.058589175945993],
            [0.039786422627977, 0.0251760572016187, 0.0586148832952104]
          ]
        },
        "cv_val_oof_ens_acc": 0.554958475818271,
        "cv_val_oof_ens_f1": 0.480622413942399,
        "cv_val_oof_ens_confusion": {
          "cm_mean": [
            [397, 64, 306],
            [153, 73, 177],
            [156, 55, 666]
          ],
          "cm_std": [
            [0, 0, 0],
            [0, 0, 0],
            [0, 0, 0]
          ],
          "cm_mean_normalized": [
            [0.517601043024772, 0.0834419817470665, 0.398956975228162],
            [0.379652605459057, 0.181141439205955, 0.439205955334988],
            [0.17787913340935, 0.0627137970353478, 0.759407069555302]
          ],
          "cm_std_normalized": [
            [0, 0, 0],
            [0, 0, 0],
            [0, 0, 0]
          ]
        },
        "cv_test_ens_acc": 0.545741324921136,
        "cv_test_ens_f1": 0.434436971074902,
        "cv_test_ens_confusion": {
          "cm_mean": [
            [45, 11, 70],
            [63, 31, 73],
            [56, 15, 270]
          ],
          "cm_std": [
            [0, 0, 0],
            [0, 0, 0],
            [0, 0, 0]
          ],
          "cm_mean_normalized": [
            [0.357142857142857, 0.0873015873015873, 0.555555555555556],
            [0.377245508982036, 0.18562874251497, 0.437125748502994],
            [0.164222873900293, 0.0439882697947214, 0.791788856304985]
          ],
          "cm_std_normalized": [
            [0, 0, 0],
            [0, 0, 0],
            [0, 0, 0]
          ]
        },
        "full_test_acc": 0.548895899053628,
        "full_test_f1": 0.466405808443111
      }
    ],
    "concat": [
      {
        "fusion_method": "concat",
        "seed": 42,
        "cv_val_f1_folds": [0.712958028452626, 0.772235369349687, 0.753074126758337, 0.727026778742364, 0.757931996047295],
        "cv_test_f1_folds": [0.726664026144014, 0.733580797104839, 0.748643801099308, 0.736045925190862, 0.705686199328977],
        "cv_val_f1_mean": 0.744645259870062,
        "cv_val_f1_std": 0.0241002531548455,
        "cv_test_f1_mean": 0.7301241497736,
        "cv_test_f1_std": 0.0158048979556711,
        "cv_val_confusion": {
          "cm_mean": [
            [124, 16, 13.4],
            [17, 46.8, 16.8],
            [10.4, 16.8, 148.2]
          ],
          "cm_std": [
            [5.65685424949238, 6.12372435695795, 2.88097205817759],
            [3.46410161513775, 6.41872261435248, 4.43846820423443],
            [4.39317652729776, 5.26307894677631, 8.70057469366248]
          ],
          "cm_mean_normalized": [
            [0.808344198174707, 0.104302477183833, 0.0873533246414602],
            [0.210918114143921, 0.580645161290323, 0.208436724565757],
            [0.0592930444697834, 0.0957810718358039, 0.844925883694413]
          ],
          "cm_std_normalized": [
            [0.0368764944556218, 0.0399199762513556, 0.018780782647833],
            [0.0429789282275156, 0.0796367570018919, 0.0550678437249929],
            [0.0250466164612187, 0.0300061513499219, 0.0496041886753848]
          ]
        },
        "cv_val_oof_ens_acc": 0.779189057156815,
        "cv_val_oof_ens_f1": 0.745226468009961,
        "cv_val_oof_ens_confusion": {
          "cm_mean": [
            [620, 80, 67],
            [85, 234, 84],
            [52, 84, 741]
          ],
          "cm_std": [
            [0, 0, 0],
            [0, 0, 0],
            [0, 0, 0]
          ],
          "cm_mean_normalized": [
            [0.808344198174707, 0.104302477183833, 0.0873533246414602],
            [0.210918114143921, 0.580645161290323, 0.208436724565757],
            [0.0592930444697834, 0.0957810718358039, 0.844925883694413]
          ],
          "cm_std_normalized": [
            [0, 0, 0],
            [0, 0, 0],
            [0, 0, 0]
          ]
        },
        "cv_test_ens_acc": 0.782334384858044,
        "cv_test_ens_f1": 0.737381689372067,
        "cv_test_ens_confusion": {
          "cm_mean": [
            [107, 9, 10],
            [45, 86, 36],
            [15, 23, 303]
          ],
          "cm_std": [
            [0, 0, 0],
            [0, 0, 0],
            [0, 0, 0]
          ],
          "cm_mean_normalized": [
            [0.849206349206349, 0.0714285714285714, 0.0793650793650794],
            [0.269461077844311, 0.51497005988024, 0.215568862275449],
            [0.0439882697947214, 0.0674486803519062, 0.888563049853372]
          ],
          "cm_std_normalized": [
            [0, 0, 0],
            [0, 0, 0],
            [0, 0, 0]
          ]
        },
        "full_test_acc": 0.771293375394322,
        "full_test_f1": 0.723676686199697
      },
      {
        "fusion_method": "concat",
        "seed": 43,
        "cv_val_f1_folds": [0.751713863763423, 0.749218893670234, 0.755487169574535, 0.774285351092591, 0.760245751774103],
        "cv_test_f1_folds": [0.710430749325225, 0.699472202789278, 0.730977999931487, 0.721822957054762, 0.735811694554614],
        "cv_val_f1_mean": 0.758190205974977,
        "cv_val_f1_std": 0.0099122755155144,
        "cv_test_f1_mean": 0.719703120731073,
        "cv_test_f1_std": 0.0148859805681994,
        "cv_val_confusion": {
          "cm_mean": [
            [126.4, 13.6, 13.4],
            [17.8, 47.2, 15.6],
            [10.2, 14.6, 150.6]
          ],
          "cm_std": [
            [4.2190046219458, 4.33589667773576, 3.78153408023781],
            [3.76828873628335, 3.03315017762062, 3.36154726279432],
            [3.3466401061363, 1.14017542509914, 4.50555213042752]
          ],
          "cm_mean_normalized": [
            [0.823989569752282, 0.0886571056062581, 0.0873533246414602],
            [0.220843672456576, 0.58560794044665, 0.193548387096774],
            [0.0581527936145952, 0.0832383124287343, 0.858608893956671]
          ],
          "cm_std_normalized": [
            [0.0275032895824367, 0.028265297768812, 0.0246514607577432],
            [0.0467529619886272, 0.037632136198767, 0.0417065417220139],
            [0.0190800462151443, 0.00650043001766897, 0.0256872983490737]
          ]
        },
        "cv_val_oof_ens_acc": 0.791890571568149,
        "cv_val_oof_ens_f1": 0.758297149988115,
        "cv_val_oof_ens_confusion": {
          "cm_mean": [
            [632, 68, 67],
            [89, 236, 78],
            [51, 73, 753]
          ],
          "cm_std": [
            [0, 0, 0],
            [0, 0, 0],
            [0, 0, 0]
          ],
          "cm_mean_normalized": [
            [0.823989569752282, 0.0886571056062582, 0.0873533246414602],
            [0.220843672456576, 0.58560794044665, 0.193548387096774],
            [0.0581527936145952, 0.0832383124287343, 0.858608893956671]
          ],
          "cm_std_normalized": [
            [0, 0, 0],
            [0, 0, 0],
            [0, 0, 0]
          ]
        },
        "cv_test_ens_acc": 0.774447949526814,
        "cv_test_ens_f1": 0.723531223531224,
        "cv_test_ens_confusion": {
          "cm_mean": [
            [110, 7, 9],
            [46, 75, 46],
            [14, 21, 306]
          ],
          "cm_std": [
            [0, 0, 0],
            [0, 0, 0],
            [0, 0, 0]
          ],
          "cm_mean_normalized": [
            [0.873015873015873, 0.0555555555555556, 0.0714285714285714],
            [0.275449101796407, 0.449101796407186, 0.275449101796407],
            [0.0410557184750733, 0.06158357771261, 0.897360703812317]
          ],
          "cm_std_normalized": [
            [0, 0, 0],
            [0, 0, 0],
            [0, 0, 0]
          ]
        },
        "full_test_acc": 0.782334384858044,
        "full_test_f1": 0.728707808117173
      },
      {
        "fusion_method": "concat",
        "seed": 44,
        "cv_val_f1_folds": [0.760681911282366, 0.770444887653675, 0.750077561343525, 0.719287331264156, 0.764951121010653],
        "cv_test_f1_folds": [0.723007616693835, 0.754305366156951, 0.75092816787732, 0.73801365034524, 0.717575757575758],
        "cv_val_f1_mean": 0.753088562510875,
        "cv_val_f1_std": 0.0203175455211296,
        "cv_test_f1_mean": 0.736766111729821,
        "cv_test_f1_std": 0.0163348669339172,
        "cv_val_confusion": {
          "cm_mean": [
            [126.2, 14.6, 12.6],
            [17.4, 46, 17.2],
            [12.2, 12.4, 150.8]
          ],
          "cm_std": [
            [6.30079360080935, 4.6690470119715, 3.36154726279432],
            [3.64691650576209, 7.3824115301167, 4.20713679359253],
            [5.93295878967653, 1.67332005306815, 5.76194411635517]
          ],
          "cm_mean_normalized": [
            [0.822685788787484, 0.0951760104302477, 0.0821382007822686],
            [0.215880893300248, 0.570719602977668, 0.213399503722084],
            [0.0695553021664766, 0.0706955530216648, 0.859749144811859]
          ],
          "cm_std_normalized": [
            [0.0410742737992787, 0.0304370730897751, 0.0219136066674988],
            [0.0452471030491575, 0.0915931951627382, 0.0521977269676492],
            [0.0338253066686233, 0.00954002310757213, 0.0328503085311013]
          ]
        },
        "cv_val_oof_ens_acc": 0.788959452857841,
        "cv_val_oof_ens_f1": 0.754149824645131,
        "cv_val_oof_ens_confusion": {
          "cm_mean": [
            [631, 73, 63],
            [87, 230, 86],
            [61, 62, 754]
          ],
          "cm_std": [
            [0, 0, 0],
            [0, 0, 0],
            [0, 0, 0]
          ],
          "cm_mean_normalized": [
            [0.822685788787484, 0.0951760104302477, 0.0821382007822686],
            [0.215880893300248, 0.570719602977667, 0.213399503722084],
            [0.0695553021664766, 0.0706955530216648, 0.859749144811859]
          ],
          "cm_std_normalized": [
            [0, 0, 0],
            [0, 0, 0],
            [0, 0, 0]
          ]
        },
        "cv_test_ens_acc": 0.788643533123028,
        "cv_test_ens_f1": 0.738745154061064,
        "cv_test_ens_confusion": {
          "cm_mean": [
            [110, 7, 9],
            [50, 81, 36],
            [13, 19, 309]
          ],
          "cm_std": [
            [0, 0, 0],
            [0, 0, 0],
            [0, 0, 0]
          ],
          "cm_mean_normalized": [
            [0.873015873015873, 0.0555555555555556, 0.0714285714285714],
            [0.29940119760479, 0.48502994011976, 0.215568862275449],
            [0.0381231671554252, 0.0557184750733138, 0.906158357771261]
          ],
          "cm_std_normalized": [
            [0, 0, 0],
            [0, 0, 0],
            [0, 0, 0]
          ]
        },
        "full_test_acc": 0.779179810725552,
        "full_test_f1": 0.724673346941977
      }
    ],
    "add": [
      {
        "fusion_method": "add",
        "seed": 42,
        "cv_val_f1_folds": [0.68663062116295, 0.787947735611992, 0.757407500976303, 0.707311408398365, 0.740038260321483],
        "cv_test_f1_folds": [0.729918116992238, 0.717334158543653, 0.734942787081441, 0.691927537532476, 0.745709984267543],
        "cv_val_f1_mean": 0.735867105294219,
        "cv_val_f1_std": 0.0401043589573358,
        "cv_test_f1_mean": 0.72396651688347,
        "cv_test_f1_std": 0.0206104512335186,
        "cv_val_confusion": {
          "cm_mean": [
            [124, 14.4, 15],
            [17.4, 44.2, 19],
            [11.8, 15.4, 148.2]
          ],
          "cm_std": [
            [3.74165738677394, 5.50454357780915, 3.08220700148449],
            [2.50998007960223, 8.31865373723417, 6.96419413859206],
            [4.60434577328854, 6.61815684310972, 8.10555365166378]
          ],
          "cm_mean_normalized": [
            [0.808344198174707, 0.0938722294654498, 0.0977835723598435],
            [0.215880893300248, 0.548387096774194, 0.235732009925558],
            [0.0672748004561004, 0.0877993158494869, 0.844925883694413]
          ],
          "cm_std_normalized": [
            [0.0243915083883569, 0.0358835956832409, 0.0200926140905117],
            [0.0311411920546182, 0.10320910343963, 0.0864043937790578],
            [0.0262505460278708, 0.0377317950006255, 0.0462118224154149]
          ]
        },
        "cv_val_oof_ens_acc": 0.772838299951148,
        "cv_val_oof_ens_f1": 0.736509581026733,
        "cv_val_oof_ens_confusion": {
          "cm_mean": [
            [620, 72, 75],
            [87, 221, 95],
            [59, 77, 741]
          ],
          "cm_std": [
            [0, 0, 0],
            [0, 0, 0],
            [0, 0, 0]
          ],
          "cm_mean_normalized": [
            [0.808344198174707, 0.0938722294654498, 0.0977835723598435],
            [0.215880893300248, 0.548387096774194, 0.235732009925558],
            [0.0672748004561004, 0.0877993158494869, 0.844925883694413]
          ],
          "cm_std_normalized": [
            [0, 0, 0],
            [0, 0, 0],
            [0, 0, 0]
          ]
        },
        "cv_test_ens_acc": 0.780757097791798,
        "cv_test_ens_f1": 0.734526528794627,
        "cv_test_ens_confusion": {
          "cm_mean": [
            [108, 6, 12],
            [45, 82, 40],
            [13, 23, 305]
          ],
          "cm_std": [
            [0, 0, 0],
            [0, 0, 0],
            [0, 0, 0]
          ],
          "cm_mean_normalized": [
            [0.857142857142857, 0.0476190476190476, 0.0952380952380952],
            [0.269461077844311, 0.491017964071856, 0.239520958083832],
            [0.0381231671554252, 0.0674486803519062, 0.894428152492669]
          ],
          "cm_std_normalized": [
            [0, 0, 0],
            [0, 0, 0],
            [0, 0, 0]
          ]
        },
        "full_test_acc": 0.771293375394322,
        "full_test_f1": 0.71869522491059
      },
      {
        "fusion_method": "add",
        "seed": 43,
        "cv_val_f1_folds": [0.746619796816173, 0.738938390711767, 0.738492029305572, 0.756325225900925, 0.756602561903438],
        "cv_test_f1_folds": [0.709044746086147, 0.719080442247243, 0.74037037037037, 0.728890986694117, 0.709432075142998],
        "cv_val_f1_mean": 0.747395600927575,
        "cv_val_f1_std": 0.00888687510964214,
        "cv_test_f1_mean": 0.721363724108175,
        "cv_test_f1_std": 0.0133907349197666,
        "cv_val_confusion": {
          "cm_mean": [
            [125.2, 16.4, 11.8],
            [17.4, 46, 17.2],
            [11, 15, 149.4]
          ],
          "cm_std": [
            [6.05805249234438, 5.27257053058563, 3.11448230047949],
            [3.20936130717624, 2, 2.16794833886788],
            [3.08220700148449, 3.46410161513775, 6.61815684310972]
          ],
          "cm_mean_normalized": [
            [0.816166883963494, 0.106910039113429, 0.0769230769230769],
            [0.215880893300248, 0.570719602977668, 0.213399503722084],
            [0.0627137970353478, 0.0855188141391106, 0.851767388825542]
          ],
          "cm_std_normalized": [
            [0.0394918676163258, 0.0343713854666599, 0.0203030136928259],
            [0.0398183785009459, 0.0248138957816377, 0.0268976220703211],
            [0.0175724458465478, 0.0197497241455972, 0.0377317950006255]
          ]
        },
        "cv_val_oof_ens_acc": 0.783097215437225,
        "cv_val_oof_ens_f1": 0.747486200270062,
        "cv_val_oof_ens_confusion": {
          "cm_mean": [
            [626, 82, 59],
            [87, 230, 86],
            [55, 75, 747]
          ],
          "cm_std": [
            [0, 0, 0],
            [0, 0, 0],
            [0, 0, 0]
          ],
          "cm_mean_normalized": [
            [0.816166883963494, 0.106910039113429, 0.0769230769230769],
            [0.215880893300248, 0.570719602977667, 0.213399503722084],
            [0.0627137970353478, 0.0855188141391106, 0.851767388825542]
          ],
          "cm_std_normalized": [
            [0, 0, 0],
            [0, 0, 0],
            [0, 0, 0]
          ]
        },
        "cv_test_ens_acc": 0.788643533123028,
        "cv_test_ens_f1": 0.743018411986408,
        "cv_test_ens_confusion": {
          "cm_mean": [
            [110, 6, 10],
            [44, 83, 40],
            [15, 19, 307]
          ],
          "cm_std": [
            [0, 0, 0],
            [0, 0, 0],
            [0, 0, 0]
          ],
          "cm_mean_normalized": [
            [0.873015873015873, 0.0476190476190476, 0.0793650793650794],
            [0.263473053892216, 0.497005988023952, 0.239520958083832],
            [0.0439882697947214, 0.0557184750733138, 0.900293255131965]
          ],
          "cm_std_normalized": [
            [0, 0, 0],
            [0, 0, 0],
            [0, 0, 0]
          ]
        },
        "full_test_acc": 0.769716088328076,
        "full_test_f1": 0.71053123988564
      },
      {
        "fusion_method": "add",
        "seed": 44,
        "cv_val_f1_folds": [0.750409023385043, 0.732458106686645, 0.741703206874068, 0.72966207544268, 0.76706240895851],
        "cv_test_f1_folds": [0.743868842512643, 0.725653473521904, 0.744971504886197, 0.701067249040604, 0.709884019895754],
        "cv_val_f1_mean": 0.744258964269389,
        "cv_val_f1_std": 0.0151383752082833,
        "cv_test_f1_mean": 0.72508901797142,
        "cv_test_f1_std": 0.0197265750627829,
        "cv_val_confusion": {
          "cm_mean": [
            [124.6, 15.4, 13.4],
            [16.8, 45.8, 18],
            [11.8, 15, 148.6]
          ],
          "cm_std": [
            [2.88097205817759, 4.15932686861708, 4.27784992724149],
            [1.09544511501033, 4.08656334834051, 3.67423461417477],
            [5.3103672189407, 2.91547594742265, 5.17687164221791]
          ],
          "cm_mean_normalized": [
            [0.8122555410691, 0.100391134289439, 0.0873533246414602],
            [0.208436724565757, 0.568238213399504, 0.223325062034739],
            [0.0672748004561004, 0.0855188141391106, 0.847206385404789]
          ],
          "cm_std_normalized": [
            [0.018780782647833, 0.0271142559883773, 0.027886896526998],
            [0.0135911304591853, 0.050701778515391, 0.0455860373967093],
            [0.030275753813801, 0.0166218697116457, 0.0295146615861911]
          ]
        },
        "cv_val_oof_ens_acc": 0.779189057156815,
        "cv_val_oof_ens_f1": 0.744403305657156,
        "cv_val_oof_ens_confusion": {
          "cm_mean": [
            [623, 77, 67],
            [84, 229, 90],
            [59, 75, 743]
          ],
          "cm_std": [
            [0, 0, 0],
            [0, 0, 0],
            [0, 0, 0]
          ],
          "cm_mean_normalized": [
            [0.8122555410691, 0.100391134289439, 0.0873533246414602],
            [0.208436724565757, 0.568238213399504, 0.223325062034739],
            [0.0672748004561004, 0.0855188141391106, 0.847206385404789]
          ],
          "cm_std_normalized": [
            [0, 0, 0],
            [0, 0, 0],
            [0, 0, 0]
          ]
        },
        "cv_test_ens_acc": 0.790220820189274,
        "cv_test_ens_f1": 0.744455226855392,
        "cv_test_ens_confusion": {
          "cm_mean": [
            [109, 7, 10],
            [46, 85, 36],
            [13, 21, 307]
          ],
          "cm_std": [
            [0, 0, 0],
            [0, 0, 0],
            [0, 0, 0]
          ],
          "cm_mean_normalized": [
            [0.865079365079365, 0.0555555555555556, 0.0793650793650794],
            [0.275449101796407, 0.508982035928144, 0.215568862275449],
            [0.0381231671554252, 0.06158357771261, 0.900293255131965]
          ],
          "cm_std_normalized": [
            [0, 0, 0],
            [0, 0, 0],
            [0, 0, 0]
          ]
        },
        "full_test_acc": 0.771293375394322,
        "full_test_f1": 0.714641757113737
      }
    ],
    "mul": [
      {
        "fusion_method": "mul",
        "seed": 42,
        "cv_val_f1_folds": [0.684845786274711, 0.77061806429128, 0.713248717133645, 0.7182945067587, 0.724821844821845],
        "cv_test_f1_folds": [0.699040715470365, 0.687955189513416, 0.723016295172492, 0.744571290089727, 0.690179087853677],
        "cv_val_f1_mean": 0.722365783856036,
        "cv_val_f1_std": 0.0309909713626229,
        "cv_test_f1_mean": 0.708952515619935,
        "cv_test_f1_std": 0.0242799303229865,
        "cv_val_confusion": {
          "cm_mean": [
            [126.8, 13.4, 13.2],
            [19.6, 38, 23],
            [12.8, 12, 150.6]
          ],
          "cm_std": [
            [6.72309452558864, 3.71483512420134, 3.96232255123179],
            [4.15932686861708, 6.85565460040104, 6.51920240520265],
            [5.26307894677631, 4, 7.26636084983398]
          ],
          "cm_mean_normalized": [
            [0.826597131681878, 0.0873533246414603, 0.0860495436766623],
            [0.24317617866005, 0.471464019851117, 0.285359801488834],
            [0.0729760547320411, 0.0684150513112885, 0.85860889395667]
          ],
          "cm_std_normalized": [
            [0.0438272133349977, 0.024216656611482, 0.0258300035934276],
            [0.0516045517198149, 0.0850577493846284, 0.0808834045310502],
            [0.0300061513499219, 0.0228050171037628, 0.0414273708656441]
          ]
        },
        "cv_val_oof_ens_acc": 0.770395701025892,
        "cv_val_oof_ens_f1": 0.723540978084019,
        "cv_val_oof_ens_confusion": {
          "cm_mean": [
            [634, 67, 66],
            [98, 190, 115],
            [64, 60, 753]
          ],
          "cm_std": [
            [0, 0, 0],
            [0, 0, 0],
            [0, 0, 0]
          ],
          "cm_mean_normalized": [
            [0.826597131681877, 0.0873533246414602, 0.0860495436766623],
            [0.24317617866005, 0.471464019851117, 0.285359801488834],
            [0.0729760547320411, 0.0684150513112885, 0.858608893956671]
          ],
          "cm_std_normalized": [
            [0, 0, 0],
            [0, 0, 0],
            [0, 0, 0]
          ]
        },
        "cv_test_ens_acc": 0.780757097791798,
        "cv_test_ens_f1": 0.730952637607921,
        "cv_test_ens_confusion": {
          "cm_mean": [
            [108, 8, 10],
            [43, 78, 46],
            [15, 17, 309]
          ],
          "cm_std": [
            [0, 0, 0],
            [0, 0, 0],
            [0, 0, 0]
          ],
          "cm_mean_normalized": [
            [0.857142857142857, 0.0634920634920635, 0.0793650793650794],
            [0.25748502994012, 0.467065868263473, 0.275449101796407],
            [0.0439882697947214, 0.0498533724340176, 0.906158357771261]
          ],
          "cm_std_normalized": [
            [0, 0, 0],
            [0, 0, 0],
            [0, 0, 0]
          ]
        },
        "full_test_acc": 0.76813880126183,
        "full_test_f1": 0.715403227814521
      },
      {
        "fusion_method": "mul",
        "seed": 43,
