{
  "methods": [
    "sent",
    "term",
    "concat",
    "add",
    "mul",
    "cross",
    "gated_concat",
    "bilinear",
    "coattn",
    "late_interaction"
  ],
  "seeds": [42, 43, 44],
  "folds": 5,
  "runs": {
    "sent": [
      {
        "fusion_method": "sent",
        "seed": 42,
        "cv_val_acc_folds": [0.706896551724138, 0.730192719486081, 0.723926380368098, 0.799107142857143, 0.757303370786517],
        "cv_val_f1_folds": [0.672210395894607, 0.714213313649943, 0.686915909017056, 0.766936416184971, 0.701115576203497],
        "cv_test_acc_folds": [0.780564263322884, 0.763322884012539, 0.771159874608151, 0.766457680250784, 0.763322884012539],
        "cv_test_f1_folds": [0.73240843566425, 0.726277974357335, 0.718992364474704, 0.70831878686784, 0.700203386401881],
        "cv_val_f1_mean": 0.708278322190015,
        "cv_val_f1_std": 0.0363474519349058,
        "cv_test_f1_mean": 0.717240189553202,
        "cv_test_f1_std": 0.0130831136269038,
        "cv_val_confusion": {
          "cm_mean": [
            [129.6, 27, 16.6],
            [20.4, 51.2, 20.4],
            [13.6, 21, 162.8]
          ],
          "cm_std": [
            [12.36122971229, 15.6843871413581, 2.79284800875379],
            [4.6690470119715, 12.5578660607605, 7.26636084983398],
            [3.84707681233427, 12.5698050899765, 11.7770964163498]
          ],
          "cm_mean_normalized": [
            [0.748267898383372, 0.155889145496536, 0.0958429561200924],
            [0.221739130434783, 0.556521739130435, 0.221739130434783],
            [0.0688956433637285, 0.106382978723404, 0.824721377912867]
          ],
          "cm_std_normalized": [
            [0.0713696865605656, 0.0905565077445619, 0.0161249885031974],
            [0.0507505109996902, 0.136498544138701, 0.0789821831503693],
            [0.0194887376511361, 0.0636768241640149, 0.0596610760706678]
          ]
        },
        "cv_val_oof_ens_acc": 0.74275832252486,
        "cv_val_oof_ens_f1": 0.708299740083872,
        "cv_val_oof_ens_confusion": {
          "cm_mean": [
            [648, 135, 83],
            [102, 256, 102],
            [68, 105, 814]
          ],
          "cm_std": [
            [0, 0, 0],
            [0, 0, 0],
            [0, 0, 0]
          ],
          "cm_mean_normalized": [
            [0.748267898383372, 0.155889145496536, 0.0958429561200924],
            [0.221739130434783, 0.556521739130435, 0.221739130434783],
            [0.0688956433637285, 0.106382978723404, 0.824721377912867]
          ],
          "cm_std_normalized": [
            [0, 0, 0],
            [0, 0, 0],
            [0, 0, 0]
          ]
        },
        "cv_test_ens_acc": 0.775862068965517,
        "cv_test_ens_f1": 0.725476477351679,
        "cv_test_ens_confusion": {
          "cm_mean": [
            [104, 10, 14],
            [48, 83, 38],
            [16, 17, 308]
          ],
          "cm_std": [
            [0, 0, 0],
            [0, 0, 0],
            [0, 0, 0]
          ],
          "cm_mean_normalized": [
            [0.8125, 0.078125, 0.109375],
            [0.284023668639053, 0.49112426035503, 0.224852071005917],
            [0.0469208211143695, 0.0498533724340176, 0.903225806451613]
          ],
          "cm_std_normalized": [
            [0, 0, 0],
            [0, 0, 0],
            [0, 0, 0]
          ]
        },
        "full_test_acc": 0.747648902821317,
        "full_test_f1": 0.694484808089216
      },
      {
        "fusion_method": "sent",
        "seed": 43,
        "cv_val_acc_folds": [0.6875, 0.708779443254818, 0.728016359918201, 0.794642857142857, 0.755056179775281],
        "cv_val_f1_folds": [0.672279299302973, 0.689348583226651, 0.695045448726155, 0.765353513216761, 0.712649753347428],
        "cv_test_acc_folds": [0.761755485893417, 0.771159874608151, 0.778996865203762, 0.750783699059561, 0.760188087774295],
        "cv_test_f1_folds": [0.720216484926473, 0.736411685241473, 0.729746422704317, 0.703306945239687, 0.700741117867789],
        "cv_val_f1_mean": 0.706935319563994,
        "cv_val_f1_std": 0.0356967861543217,
        "cv_test_f1_mean": 0.718084531195948,
        "cv_test_f1_std": 0.0157765692423648,
        "cv_val_confusion": {
          "cm_mean": [
            [125.2, 31.6, 16.4],
            [17, 56.8, 18.2],
            [13.2, 26.6, 157.6]
          ],
          "cm_std": [
            [13.1605471010897, 14.4499134945508, 3.64691650576209],
            [3.39116499156263, 9.09395403551173, 6.83373982530796],
            [1.92353840616713, 13.8852439661678, 16.2419210686421]
          ],
          "cm_mean_normalized": [
            [0.722863741339492, 0.182448036951501, 0.0946882217090069],
            [0.184782608695652, 0.617391304347826, 0.197826086956522],
            [0.0668693009118541, 0.134751773049645, 0.798378926038501]
          ],
          "cm_std_normalized": [
            [0.0759846830316956, 0.0834290617468288, 0.021056099917795],
            [0.0368604890387243, 0.0988473264729535, 0.0742797807098691],
            [0.00974436882556806, 0.0703406482581957, 0.0822792354034554]
          ]
        },
        "cv_val_oof_ens_acc": 0.734111543450065,
        "cv_val_oof_ens_f1": 0.706615957327215,
        "cv_val_oof_ens_confusion": {
          "cm_mean": [
            [626, 158, 82],
            [85, 284, 91],
            [66, 133, 788]
          ],
          "cm_std": [
            [0, 0, 0],
            [0, 0, 0],
            [0, 0, 0]
          ],
          "cm_mean_normalized": [
            [0.722863741339492, 0.182448036951501, 0.0946882217090069],
            [0.184782608695652, 0.617391304347826, 0.197826086956522],
            [0.0668693009118541, 0.134751773049645, 0.798378926038501]
          ],
          "cm_std_normalized": [
            [0, 0, 0],
            [0, 0, 0],
            [0, 0, 0]
          ]
        },
        "cv_test_ens_acc": 0.772727272727273,
        "cv_test_ens_f1": 0.730111883020349,
        "cv_test_ens_confusion": {
          "cm_mean": [
            [99, 16, 13],
            [42, 96, 31],
            [17, 26, 298]
          ],
          "cm_std": [
            [0, 0, 0],
            [0, 0, 0],
            [0, 0, 0]
          ],
          "cm_mean_normalized": [
            [0.7734375, 0.125, 0.1015625],
            [0.248520710059172, 0.568047337278107, 0.183431952662722],
            [0.0498533724340176, 0.0762463343108504, 0.873900293255132]
          ],
          "cm_std_normalized": [
            [0, 0, 0],
            [0, 0, 0],
            [0, 0, 0]
          ]
        },
        "full_test_acc": 0.749216300940439,
        "full_test_f1": 0.691199269009206
      },
      {
        "fusion_method": "sent",
        "seed": 44,
        "cv_val_acc_folds": [0.726293103448276, 0.738758029978587, 0.750511247443763, 0.783482142857143, 0.752808988764045],
        "cv_val_f1_folds": [0.672757372793778, 0.699902158205268, 0.708376778925751, 0.748404017692267, 0.714723942660319],
        "cv_test_acc_folds": [0.750783699059561, 0.752351097178683, 0.753918495297806, 0.772727272727273, 0.760188087774295],
        "cv_test_f1_folds": [0.685223061166611, 0.70033359914903, 0.703563042045666, 0.72348518923825, 0.71380943647411],
        "cv_val_f1_mean": 0.708832854055477,
        "cv_val_f1_std": 0.0273037891036931,
        "cv_test_f1_mean": 0.705282865614733,
        "cv_test_f1_std": 0.0144384537093607,
        "cv_val_confusion": {
          "cm_mean": [
            [141.6, 18.6, 13],
            [25.6, 45.4, 21],
            [18.6, 18.8, 160]
          ],
          "cm_std": [
            [5.12835256198323, 5.63914887194867, 6.40312423743285],
            [6.91375440697744, 5.31977443130815, 4.84767985741633],
            [3.57770876399966, 7.04982269280583, 13.0192165662915]
          ],
          "cm_mean_normalized": [
            [0.817551963048499, 0.107390300230947, 0.0750577367205543],
            [0.278260869565217, 0.493478260869565, 0.228260869565217],
            [0.0942249240121581, 0.0952380952380952, 0.810536980749747]
          ],
          "cm_std_normalized": [
            [0.0296094258775014, 0.0325585962583642, 0.036969539477095],
            [0.0751495044236678, 0.0578236351229147, 0.052692172363221],
            [0.0181241578723387, 0.0357133875015493, 0.0659534780460564]
          ]
        },
        "cv_val_oof_ens_acc": 0.750108084738435,
        "cv_val_oof_ens_f1": 0.708628888343336,
        "cv_val_oof_ens_confusion": {
          "cm_mean": [
            [708, 93, 65],
            [128, 227, 105],
            [93, 94, 800]
          ],
          "cm_std": [
            [0, 0, 0],
            [0, 0, 0],
            [0, 0, 0]
          ],
          "cm_mean_normalized": [
            [0.817551963048499, 0.107390300230947, 0.0750577367205543],
            [0.278260869565217, 0.493478260869565, 0.228260869565217],
            [0.0942249240121581, 0.0952380952380952, 0.810536980749747]
          ],
          "cm_std_normalized": [
            [0, 0, 0],
            [0, 0, 0],
            [0, 0, 0]
          ]
        },
        "cv_test_ens_acc": 0.768025078369906,
        "cv_test_ens_f1": 0.716673856185976,
        "cv_test_ens_confusion": {
          "cm_mean": [
            [107, 10, 11],
            [55, 81, 33],
            [21, 18, 302]
          ],
          "cm_std": [
            [0, 0, 0],
            [0, 0, 0],
            [0, 0, 0]
          ],
          "cm_mean_normalized": [
            [0.8359375, 0.078125, 0.0859375],
            [0.325443786982249, 0.479289940828402, 0.195266272189349],
            [0.06158357771261, 0.0527859237536657, 0.885630498533724]
          ],
          "cm_std_normalized": [
            [0, 0, 0],
            [0, 0, 0],
            [0, 0, 0]
          ]
        },
        "full_test_acc": 0.750783699059561,
        "full_test_f1": 0.694769240215831
      }
    ],
    "term": [
      {
        "fusion_method": "term",
        "seed": 42,
        "cv_val_acc_folds": [0.478448275862069, 0.518201284796574, 0.554192229038855, 0.582589285714286, 0.561797752808989],
        "cv_val_f1_folds": [0.425843971335243, 0.492155378440247, 0.521289748552163, 0.529922160142904, 0.515027339706386],
        "cv_test_acc_folds": [0.570532915360502, 0.506269592476489, 0.53448275862069, 0.545454545454545, 0.501567398119122],
        "cv_test_f1_folds": [0.429451118073138, 0.459450410701101, 0.468349449819827, 0.484427479588401, 0.425149378986237],
        "cv_val_f1_mean": 0.496847719635389,
        "cv_val_f1_std": 0.0420873505846516,
        "cv_test_f1_mean": 0.453365567433741,
        "cv_test_f1_std": 0.0254678160350379,
        "cv_val_confusion": {
          "cm_mean": [
            [82, 33.2, 58],
            [29.8, 34.2, 28],
            [34.2, 30.2, 133]
          ],
          "cm_std": [
            [30.2407010500749, 19.9424171052558, 10.2225241501304],
            [15.2545075305629, 9.95991967839099, 10.7004672795163],
            [13.9713993572584, 12.9305839001957, 12.5499003980111]
          ],
          "cm_mean_normalized": [
            [0.473441108545035, 0.191685912240185, 0.334872979214781],
            [0.323913043478261, 0.371739130434783, 0.304347826086957],
            [0.173252279635258, 0.152988855116515, 0.673758865248227]
          ],
          "cm_std_normalized": [
            [0.174599890589347, 0.11514097635829, 0.0590215020215383],
            [0.16580986446264, 0.10825999650425, 0.116309426951265],
            [0.0707770990742573, 0.0655044777112244, 0.0635759898582124]
          ]
        },
        "cv_val_oof_ens_acc": 0.538694336359706,
        "cv_val_oof_ens_f1": 0.504450930826623,
        "cv_val_oof_ens_confusion": {
          "cm_mean": [
            [410, 166, 290],
            [149, 171, 140],
            [171, 151, 665]
          ],
          "cm_std": [
            [0, 0, 0],
            [0, 0, 0],
            [0, 0, 0]
          ],
          "cm_mean_normalized": [
            [0.473441108545035, 0.191685912240185, 0.334872979214781],
            [0.323913043478261, 0.371739130434783, 0.304347826086957],
            [0.173252279635258, 0.152988855116515, 0.673758865248227]
          ],
          "cm_std_normalized": [
            [0, 0, 0],
            [0, 0, 0],
            [0, 0, 0]
          ]
        },
        "cv_test_ens_acc": 0.53448275862069,
        "cv_test_ens_f1": 0.472053413813142,
        "cv_test_ens_confusion": {
          "cm_mean": [
            [51, 26, 51],
            [61, 59, 49],
            [63, 47, 231]
          ],
          "cm_std": [
            [0, 0, 0],
            [0, 0, 0],
            [0, 0, 0]
          ],
          "cm_mean_normalized": [
            [0.3984375, 0.203125, 0.3984375],
            [0.36094674556213, 0.349112426035503, 0.289940828402367],
            [0.18475073313783, 0.13782991202346, 0.67741935483871]
          ],
          "cm_std_normalized": [
            [0, 0, 0],
            [0, 0, 0],
            [0, 0, 0]
          ]
        },
        "full_test_acc": 0.528213166144201,
        "full_test_f1": 0.458878355220339
      },
      {
        "fusion_method": "term",
        "seed": 43,
        "cv_val_acc_folds": [0.530172413793103, 0.541755888650964, 0.533742331288344, 0.502232142857143, 0.564044943820225],
        "cv_val_f1_folds": [0.495441212970983, 0.487330447330447, 0.494607503184642, 0.463932073582942, 0.501065633709729],
        "cv_test_acc_folds": [0.532915360501567, 0.537617554858934, 0.537617554858934, 0.576802507836991, 0.526645768025078],
        "cv_test_f1_folds": [0.466099925281626, 0.450134082871056, 0.48286597536634, 0.496059612467823, 0.446865425519026],
        "cv_val_f1_mean": 0.488475374155749,
        "cv_val_f1_std": 0.0145630097585101,
        "cv_test_f1_mean": 0.468405004301174,
        "cv_test_f1_std": 0.0210771822731525,
        "cv_val_confusion": {
          "cm_mean": [
            [78.8, 38.4, 56],
            [26.8, 30.6, 34.6],
            [31.6, 28, 137.8]
          ],
          "cm_std": [
            [21.2767478717966, 18.5687910214963, 12.9034879005639],
            [10.3053384223906, 9.34344690143846, 6.308724118235],
            [14.1350627872677, 11.4673449411797, 7.59605160593318]
          ],
          "cm_mean_normalized": [
            [0.454965357967667, 0.221709006928406, 0.323325635103926],
            [0.291304347826087, 0.332608695652174, 0.376086956521739],
            [0.160081053698075, 0.141843971631206, 0.698074974670719]
          ],
          "cm_std_normalized": [
            [0.122844964617763, 0.107210109823881, 0.0745005075090297],
            [0.112014548069463, 0.101559205450418, 0.0685730882416848],
            [0.0716061944643754, 0.058091919661498, 0.0384805045893271]
          ]
        },
        "cv_val_oof_ens_acc": 0.534370946822309,
        "cv_val_oof_ens_f1": 0.49293123788894,
        "cv_val_oof_ens_confusion": {
          "cm_mean": [
            [394, 192, 280],
            [134, 153, 173],
            [158, 140, 689]
          ],
          "cm_std": [
            [0, 0, 0],
            [0, 0, 0],
            [0, 0, 0]
          ],
          "cm_mean_normalized": [
            [0.454965357967667, 0.221709006928406, 0.323325635103926],
            [0.291304347826087, 0.332608695652174, 0.376086956521739],
            [0.160081053698075, 0.141843971631206, 0.698074974670719]
          ],
          "cm_std_normalized": [
            [0, 0, 0],
            [0, 0, 0],
            [0, 0, 0]
          ]
        },
        "cv_test_ens_acc": 0.54858934169279,
        "cv_test_ens_f1": 0.477599004685807,
        "cv_test_ens_confusion": {
          "cm_mean": [
            [47, 21, 60],
            [52, 59, 58],
            [54, 43, 244]
          ],
          "cm_std": [
            [0, 0, 0],
            [0, 0, 0],
            [0, 0, 0]
          ],
          "cm_mean_normalized": [
            [0.3671875, 0.1640625, 0.46875],
            [0.307692307692308, 0.349112426035503, 0.343195266272189],
            [0.158357771260997, 0.126099706744868, 0.715542521994135]
          ],
          "cm_std_normalized": [
            [0, 0, 0],
            [0, 0, 0],
            [0, 0, 0]
          ]
        },
        "full_test_acc": 0.543887147335423,
        "full_test_f1": 0.47106637990379
      },
      {
        "fusion_method": "term",
        "seed": 44,
        "cv_val_acc_folds": [0.519396551724138, 0.507494646680942, 0.535787321063395, 0.571428571428571, 0.510112359550562],
        "cv_val_f1_folds": [0.494750221043325, 0.482647319354738, 0.499120852120139, 0.515491298762705, 0.481583335211493],
        "cv_test_acc_folds": [0.526645768025078, 0.536050156739812, 0.517241379310345, 0.559561128526646, 0.547021943573668],
        "cv_test_f1_folds": [0.46742562144366, 0.453370426180094, 0.460269384637985, 0.459865397679876, 0.468167866811723],
        "cv_val_f1_mean": 0.49471860529848,
        "cv_val_f1_std": 0.0138666581679441,
        "cv_test_f1_mean": 0.461819739350668,
        "cv_test_f1_std": 0.00611020827096132,
        "cv_val_confusion": {
          "cm_mean": [
            [72.6, 44.4, 56.2],
            [25.6, 37.2, 29.2],
            [30, 32.6, 134.8]
          ],
          "cm_std": [
            [14.3631472874158, 12.934450123604, 15.626899884494],
            [3.04959013639538, 5.80517010948, 7.94984276574072],
            [14.8155323900291, 12.8179561553315, 15.7066864742377]
          ],
          "cm_mean_normalized": [
            [0.419168591224018, 0.25635103926097, 0.324480369515012],
            [0.278260869565217, 0.404347826086957, 0.317391304347826],
            [0.151975683890578, 0.165146909827761, 0.682877406281662]
          ],
          "cm_std_normalized": [
            [0.0829281021213384, 0.0746792732309701, 0.0902245951760626],
            [0.0331477188738628, 0.0630996751030434, 0.0864113344102252],
            [0.0750533555725889, 0.0649339217595313, 0.0795678139525717]
          ]
        },
        "cv_val_oof_ens_acc": 0.528750540423692,
        "cv_val_oof_ens_f1": 0.496053479172437,
        "cv_val_oof_ens_confusion": {
          "cm_mean": [
            [363, 222, 281],
            [128, 186, 146],
            [150, 163, 674]
          ],
          "cm_std": [
            [0, 0, 0],
            [0, 0, 0],
            [0, 0, 0]
          ],
          "cm_mean_normalized": [
            [0.419168591224018, 0.25635103926097, 0.324480369515012],
            [0.278260869565217, 0.404347826086957, 0.317391304347826],
            [0.151975683890578, 0.165146909827761, 0.682877406281662]
          ],
          "cm_std_normalized": [
            [0, 0, 0],
            [0, 0, 0],
            [0, 0, 0]
          ]
        },
        "cv_test_ens_acc": 0.559561128526646,
        "cv_test_ens_f1": 0.490703596220244,
        "cv_test_ens_confusion": {
          "cm_mean": [
            [42, 32, 54],
            [46, 73, 50],
            [49, 50, 242]
          ],
          "cm_std": [
            [0, 0, 0],
            [0, 0, 0],
            [0, 0, 0]
          ],
          "cm_mean_normalized": [
            [0.328125, 0.25, 0.421875],
            [0.272189349112426, 0.431952662721894, 0.295857988165681],
            [0.143695014662757, 0.146627565982405, 0.709677419354839]
          ],
          "cm_std_normalized": [
            [0, 0, 0],
            [0, 0, 0],
            [0, 0, 0]
          ]
        },
        "full_test_acc": 0.542319749216301,
        "full_test_f1": 0.477703110842646
      }
    ],
    "concat": [
      {
        "fusion_method": "concat",
        "seed": 42,
        "cv_val_acc_folds": [0.709051724137931, 0.73661670235546, 0.732106339468303, 0.78125, 0.746067415730337],
        "cv_val_f1_folds": [0.680539711422207, 0.6980559284683, 0.695588781033304, 0.747305364483279, 0.713426160362543],
        "cv_test_acc_folds": [0.747648902821317, 0.75705329153605, 0.753918495297806, 0.758620689655172, 0.760188087774295],
        "cv_test_f1_folds": [0.705423040278083, 0.709397005189555, 0.702836928838396, 0.707936507936508, 0.713632832515165],
        "cv_val_f1_mean": 0.706983189153926,
        "cv_val_f1_std": 0.025378020685243,
        "cv_test_f1_mean": 0.707845262951541,
        "cv_test_f1_std": 0.00408848273638912,
        "cv_val_confusion": {
          "cm_mean": [
            [130.6, 25.4, 17.2],
            [21.8, 50.6, 19.6],
            [15.6, 20.4, 161.4]
          ],
          "cm_std": [
            [6.22896460095898, 5.85662018573853, 3.27108544675923],
            [4.76445169982864, 2.88097205817759, 3.91152144312159],
            [5.27257053058563, 10.3585713300628, 13.0881625906771]
          ],
          "cm_mean_normalized": [
            [0.754041570438799, 0.146651270207852, 0.0993071593533487],
            [0.23695652173913, 0.55, 0.21304347826087],
            [0.0790273556231003, 0.103343465045593, 0.817629179331307]
          ],
          "cm_std_normalized": [
            [0.0359639988508024, 0.0338142043056497, 0.0188861746348685],
            [0.0517875184763982, 0.0313149136758433, 0.0425165374252347],
            [0.0267100837415685, 0.0524750320671877, 0.0663027486863076]
          ]
        },
        "cv_val_oof_ens_acc": 0.740596627756161,
        "cv_val_oof_ens_f1": 0.706221377978951,
        "cv_val_oof_ens_confusion": {
          "cm_mean": [
            [653, 127, 86],
            [109, 253, 98],
            [78, 102, 807]
          ],
          "cm_std": [
            [0, 0, 0],
            [0, 0, 0],
            [0, 0, 0]
          ],
          "cm_mean_normalized": [
            [0.754041570438799, 0.146651270207852, 0.0993071593533487],
            [0.23695652173913, 0.55, 0.21304347826087],
            [0.0790273556231003, 0.103343465045593, 0.817629179331307]
          ],
          "cm_std_normalized": [
            [0, 0, 0],
            [0, 0, 0],
            [0, 0, 0]
          ]
        },
        "cv_test_ens_acc": 0.769592476489028,
        "cv_test_ens_f1": 0.724291938997821,
        "cv_test_ens_confusion": {
          "cm_mean": [
            [107, 10, 11],
            [51, 87, 31],
            [20, 24, 297]
          ],
          "cm_std": [
            [0, 0, 0],
            [0, 0, 0],
            [0, 0, 0]
          ],
          "cm_mean_normalized": [
            [0.8359375, 0.078125, 0.0859375],
            [0.301775147928994, 0.514792899408284, 0.183431952662722],
            [0.0586510263929619, 0.0703812316715543, 0.870967741935484]
          ],
          "cm_std_normalized": [
            [0, 0, 0],
            [0, 0, 0],
            [0, 0, 0]
          ]
        },
        "full_test_acc": 0.747648902821317,
        "full_test_f1": 0.690622719853063
      },
      {
        "fusion_method": "concat",
        "seed": 43,
        "cv_val_acc_folds": [0.741379310344828, 0.740899357601713, 0.713701431492843, 0.792410714285714, 0.750561797752809],
        "cv_val_f1_folds": [0.711896812374367, 0.708380927594068, 0.693307217403603, 0.756100117094839, 0.71701288746213],
        "cv_test_acc_folds": [0.730407523510972, 0.749216300940439, 0.761755485893417, 0.766457680250784, 0.764890282131661],
        "cv_test_f1_folds": [0.673144926173234, 0.709574968980232, 0.722136309346341, 0.709391521257402, 0.711003183854082],
        "cv_val_f1_mean": 0.717339592385801,
        "cv_val_f1_std": 0.0233982990205247,
        "cv_test_f1_mean": 0.705050181922258,
        "cv_test_f1_std": 0.0186053772597185,
        "cv_val_confusion": {
          "cm_mean": [
            [134, 23, 16.2],
            [21, 53.6, 17.4],
            [15.6, 23.8, 158]
          ],
          "cm_std": [
            [7.61577310586391, 12.4498995979887, 4.65832587954085],
            [3.60555127546399, 7.86129760281342, 3.36154726279432],
            [4.61519230368573, 10.733126291999, 10.0747208398049]
          ],
          "cm_mean_normalized": [
            [0.773672055427252, 0.132794457274827, 0.0935334872979215],
            [0.228260869565217, 0.582608695652174, 0.189130434782609],
            [0.0790273556231003, 0.120567375886525, 0.800405268490375]
          ],
          "cm_std_normalized": [
            [0.0439709763618009, 0.0718816374017825, 0.0268956459557786],
            [0.0391907747333042, 0.0854488869871024, 0.0365385572042861],
            [0.0233799002213056, 0.0543724736170162, 0.0510370863212003]
          ]
        },
        "cv_val_oof_ens_acc": 0.747081712062257,
        "cv_val_oof_ens_f1": 0.716344955755984,
        "cv_val_oof_ens_confusion": {
          "cm_mean": [
            [670, 115, 81],
            [105, 268, 87],
            [78, 119, 790]
          ],
          "cm_std": [
            [0, 0, 0],
            [0, 0, 0],
            [0, 0, 0]
          ],
          "cm_mean_normalized": [
            [0.773672055427252, 0.132794457274827, 0.0935334872979215],
            [0.228260869565217, 0.582608695652174, 0.189130434782609],
            [0.0790273556231003, 0.120567375886525, 0.800405268490375]
          ],
          "cm_std_normalized": [
            [0, 0, 0],
            [0, 0, 0],
            [0, 0, 0]
          ]
        },
        "cv_test_ens_acc": 0.75705329153605,
        "cv_test_ens_f1": 0.70774105244305,
        "cv_test_ens_confusion": {
          "cm_mean": [
            [104, 11, 13],
            [55, 83, 31],
            [20, 25, 296]
          ],
          "cm_std": [
            [0, 0, 0],
            [0, 0, 0],
            [0, 0, 0]
          ],
          "cm_mean_normalized": [
            [0.8125, 0.0859375, 0.1015625],
            [0.325443786982249, 0.49112426035503, 0.183431952662722],
            [0.0586510263929619, 0.0733137829912024, 0.868035190615836]
          ],
          "cm_std_normalized": [
            [0, 0, 0],
            [0, 0, 0],
            [0, 0, 0]
          ]
        },
        "full_test_acc": 0.731974921630094,
        "full_test_f1": 0.670761644423005
      },
      {
        "fusion_method": "concat",
        "seed": 44,
        "cv_val_acc_folds": [0.726293103448276, 0.755888650963598, 0.740286298568507, 0.779017857142857, 0.689887640449438],
        "cv_val_f1_folds": [0.69533610619638, 0.729084203418004, 0.699702189063891, 0.742478823174941, 0.656166994426194],
        "cv_test_acc_folds": [0.763322884012539, 0.74294670846395, 0.750783699059561, 0.755485893416928, 0.764890282131661],
        "cv_test_f1_folds": [0.717367622328863, 0.697476406260313, 0.703084584141345, 0.695038138629409, 0.71601031411158],
        "cv_val_f1_mean": 0.704553663255882,
        "cv_val_f1_std": 0.0335031156608843,
        "cv_test_f1_mean": 0.705795413094302,
        "cv_test_f1_std": 0.0103746524229781,
        "cv_val_confusion": {
          "cm_mean": [
            [125, 30, 18.2],
            [18.8, 52.2, 21],
            [11.8, 21.2, 164.4]
          ],
          "cm_std": [
            [16.7332005306815, 8.5146931829632, 6.97853852894716],
            [5.06951674225463, 4.32434966208793, 5.74456264653803],
            [4.32434966208793, 8.22800097228969, 9.71081870904817]
          ],
          "cm_mean_normalized": [
            [0.721709006928407, 0.173210161662818, 0.105080831408776],
            [0.204347826086957, 0.567391304347826, 0.228260869565217],
            [0.0597771023302938, 0.107396149949341, 0.832826747720365]
          ],
          "cm_std_normalized": [
            [0.0966120123018563, 0.0491610460910116, 0.0402917928923046],
            [0.0551034428505938, 0.0470038006748688, 0.0624408983319351],
            [0.0219065332425934, 0.0416818691605354, 0.0491936104815004]
          ]
        },
        "cv_val_oof_ens_acc": 0.738434932987462,
        "cv_val_oof_ens_f1": 0.704859798660518,
        "cv_val_oof_ens_confusion": {
          "cm_mean": [
            [625, 150, 91],
            [94, 261, 105],
            [59, 106, 822]
          ],
          "cm_std": [
            [0, 0, 0],
            [0, 0, 0],
            [0, 0, 0]
          ],
          "cm_mean_normalized": [
            [0.721709006928406, 0.173210161662818, 0.105080831408776],
            [0.204347826086957, 0.567391304347826, 0.228260869565217],
            [0.0597771023302938, 0.107396149949341, 0.832826747720365]
          ],
          "cm_std_normalized": [
            [0, 0, 0],
            [0, 0, 0],
            [0, 0, 0]
          ]
        },
        "cv_test_ens_acc": 0.766457680250784,
        "cv_test_ens_f1": 0.717119885971964,
        "cv_test_ens_confusion": {
          "cm_mean": [
            [97, 18, 13],
            [45, 89, 35],
            [16, 22, 303]
          ],
          "cm_std": [
            [0, 0, 0],
            [0, 0, 0],
            [0, 0, 0]
          ],
          "cm_mean_normalized": [
            [0.7578125, 0.140625, 0.1015625],
            [0.266272189349112, 0.526627218934911, 0.207100591715976],
            [0.0469208211143695, 0.0645161290322581, 0.888563049853372]
          ],
          "cm_std_normalized": [
            [0, 0, 0],
            [0, 0, 0],
            [0, 0, 0]
          ]
        },
        "full_test_acc": 0.739811912225705,
        "full_test_f1": 0.67960213151301
      }
    ],
    "add": [
      {
        "fusion_method": "add",
        "seed": 42,
        "cv_val_acc_folds": [0.72198275862069, 0.73661670235546, 0.738241308793456, 0.790178571428571, 0.737078651685393],
        "cv_val_f1_folds": [0.688823724960606, 0.697978311207438, 0.700225626536484, 0.75736440934283, 0.700758658746389],
        "cv_test_acc_folds": [0.752351097178683, 0.750783699059561, 0.749216300940439, 0.74294670846395, 0.749216300940439],
        "cv_test_f1_folds": [0.709126539113358, 0.708833852875482, 0.68570930587409, 0.675612362700348, 0.693183495538473],
        "cv_val_f1_mean": 0.70903014615875,
        "cv_val_f1_std": 0.0274434900330091,
        "cv_test_f1_mean": 0.69449311122035,
        "cv_test_f1_std": 0.0146214489482904,
        "cv_val_confusion": {
          "cm_mean": [
            [131.6, 22.6, 19],
            [22, 49, 21],
            [15.2, 18.4, 163.8]
          ],
          "cm_std": [
            [7.23187389270582, 7.82943165242535, 6.20483682299543],
            [5.65685424949238, 1.87082869338697, 5.70087712549569],
            [6.1400325732035, 7.56967634711022, 14.9733095873958]
          ],
          "cm_mean_normalized": [
            [0.759815242494226, 0.130484988452656, 0.109699769053118],
            [0.239130434782609, 0.532608695652174, 0.228260869565217],
            [0.0770010131712259, 0.0932117527862209, 0.829787234042553]
          ],
          "cm_std_normalized": [
            [0.0417544682026895, 0.0452045707414859, 0.0358246929734147],
            [0.0614875461901346, 0.0203350944933366, 0.0619660557119097],
            [0.0311045216474341, 0.0383468913227468, 0.0758526321549941]
          ]
        },
        "cv_val_oof_ens_acc": 0.744487678339818,
        "cv_val_oof_ens_f1": 0.708200843563178,
        "cv_val_oof_ens_confusion": {
          "cm_mean": [
            [658, 113, 95],
            [110, 245, 105],
            [76, 92, 819]
          ],
          "cm_std": [
            [0, 0, 0],
            [0, 0, 0],
            [0, 0, 0]
          ],
          "cm_mean_normalized": [
            [0.759815242494226, 0.130484988452656, 0.109699769053118],
            [0.239130434782609, 0.532608695652174, 0.228260869565217],
            [0.0770010131712259, 0.0932117527862209, 0.829787234042553]
          ],
          "cm_std_normalized": [
            [0, 0, 0],
            [0, 0, 0],
            [0, 0, 0]
          ]
        },
        "cv_test_ens_acc": 0.760188087774295,
        "cv_test_ens_f1": 0.705812506375507,
        "cv_test_ens_confusion": {
          "cm_mean": [
            [102, 13, 13],
            [55, 80, 34],
            [19, 19, 303]
          ],
          "cm_std": [
            [0, 0, 0],
            [0, 0, 0],
            [0, 0, 0]
          ],
          "cm_mean_normalized": [
            [0.796875, 0.1015625, 0.1015625],
            [0.325443786982249, 0.473372781065089, 0.201183431952663],
            [0.0557184750733138, 0.0557184750733138, 0.888563049853372]
          ],
          "cm_std_normalized": [
            [0, 0, 0],
            [0, 0, 0],
            [0, 0, 0]
          ]
        },
        "full_test_acc": 0.746081504702194,
        "full_test_f1": 0.688760650781203
      },
      {
        "fusion_method": "add",
        "seed": 43,
        "cv_val_acc_folds": [0.706896551724138, 0.734475374732334, 0.752556237218814, 0.783482142857143, 0.768539325842697],
        "cv_val_f1_folds": [0.684296037861403, 0.711408634754157, 0.714700679855811, 0.752261070667736, 0.724103976654216],
        "cv_test_acc_folds": [0.775862068965517, 0.752351097178683, 0.739811912225705, 0.774294670846395, 0.735109717868339],
        "cv_test_f1_folds": [0.730302497788671, 0.711668801072443, 0.684269473672756, 0.722153528386443, 0.687394607775793],
        "cv_val_f1_mean": 0.717354079958665,
        "cv_val_f1_std": 0.0244912336554007,
        "cv_test_f1_mean": 0.707157781739221,
        "cv_test_f1_std": 0.0205873582884992,
        "cv_val_confusion": {
          "cm_mean": [
            [135.2, 23.8, 14.2],
            [20.8, 53.2, 18],
            [17.6, 21.8, 158]
          ],
          "cm_std": [
            [14.8559752288431, 6.30079360080935, 8.70057469366248],
            [6.41872261435249, 6.83373982530796, 4.74341649025257],
            [4.77493455452533, 9.47100839404126, 14.1950695665784]
          ],
          "cm_mean_normalized": [
            [0.780600461893764, 0.137413394919169, 0.081986143187067],
            [0.226086956521739, 0.578260869565217, 0.195652173913044],
            [0.0891590678824722, 0.110435663627153, 0.800405268490375]
          ],
          "cm_std_normalized": [
            [0.0857735290348909, 0.0363787159400078, 0.0502342649749566],
            [0.0697687240690488, 0.0742797807098691, 0.0515588748940497],
            [0.0241891314818912, 0.0479787659272607, 0.0719101801751692]
          ]
        },
        "cv_val_oof_ens_acc": 0.748811067877216,
        "cv_val_oof_ens_f1": 0.717541861588896,
        "cv_val_oof_ens_confusion": {
          "cm_mean": [
            [676, 119, 71],
            [104, 266, 90],
            [88, 109, 790]
          ],
          "cm_std": [
            [0, 0, 0],
            [0, 0, 0],
            [0, 0, 0]
          ],
          "cm_mean_normalized": [
            [0.780600461893764, 0.137413394919169, 0.081986143187067],
            [0.226086956521739, 0.578260869565217, 0.195652173913044],
            [0.0891590678824721, 0.110435663627153, 0.800405268490375]
          ],
          "cm_std_normalized": [
            [0, 0, 0],
            [0, 0, 0],
            [0, 0, 0]
          ]
        },
        "cv_test_ens_acc": 0.764890282131661,
        "cv_test_ens_f1": 0.71610048394945,
        "cv_test_ens_confusion": {
          "cm_mean": [
            [104, 16, 8],
            [54, 87, 28],
            [23, 21, 297]
          ],
          "cm_std": [
            [0, 0, 0],
            [0, 0, 0],
            [0, 0, 0]
          ],
          "cm_mean_normalized": [
            [0.8125, 0.125, 0.0625],
            [0.319526627218935, 0.514792899408284, 0.165680473372781],
            [0.0674486803519062, 0.06158357771261, 0.870967741935484]
          ],
          "cm_std_normalized": [
            [0, 0, 0],
            [0, 0, 0],
            [0, 0, 0]
          ]
        },
        "full_test_acc": 0.749216300940439,
        "full_test_f1": 0.690705722407614
      },
      {
        "fusion_method": "add",
        "seed": 44,
        "cv_val_acc_folds": [0.713362068965517, 0.743040685224839, 0.734151329243354, 0.799107142857143, 0.707865168539326],
        "cv_val_f1_folds": [0.689608693696583, 0.711597328538212, 0.706338039671373, 0.772477143044985, 0.677121971360791],
        "cv_test_acc_folds": [0.766457680250784, 0.772727272727273, 0.746081504702194, 0.74294670846395, 0.786833855799373],
        "cv_test_f1_folds": [0.724592633638678, 0.73035667733303, 0.708380263226889, 0.69588841942665, 0.745615749430863],
        "cv_val_f1_mean": 0.711428635262389,
        "cv_val_f1_std": 0.036762480742486,
        "cv_test_f1_mean": 0.720966748611222,
        "cv_test_f1_std": 0.0193405872070848,
        "cv_val_confusion": {
          "cm_mean": [
            [126.2, 30, 17],
            [17.6, 56.2, 18.2],
            [13, 24.8, 159.6]
          ],
          "cm_std": [
            [14.1138230115019, 9.35414346693485, 5.65685424949238],
            [3.78153408023781, 3.89871773792359, 4.60434577328854],
            [4.94974746830583, 6.01664358259653, 4.72228758124704]
          ],
          "cm_mean_normalized": [
            [0.728637413394919, 0.173210161662818, 0.0981524249422633],
            [0.191304347826087, 0.610869565217391, 0.197826086956522],
            [0.0658561296859169, 0.125633232016211, 0.808510638297872]
          ],
          "cm_std_normalized": [
            [0.0814885855167545, 0.0540077567374992, 0.0326608213019191],
            [0.0411036313069327, 0.0423773667165607, 0.0500472366661797],
            [0.0250747085527145, 0.0304794507730321, 0.0239224294896]
          ]
        },
        "cv_val_oof_ens_acc": 0.739299610894942,
        "cv_val_oof_ens_f1": 0.710804513459035,
        "cv_val_oof_ens_confusion": {
          "cm_mean": [
            [631, 150, 85],
            [88, 281, 91],
            [65, 124, 798]
          ],
          "cm_std": [
            [0, 0, 0],
            [0, 0, 0],
            [0, 0, 0]
          ],
          "cm_mean_normalized": [
            [0.728637413394919, 0.173210161662818, 0.0981524249422633],
            [0.191304347826087, 0.610869565217391, 0.197826086956522],
            [0.0658561296859169, 0.125633232016211, 0.808510638297872]
          ],
          "cm_std_normalized": [
            [0, 0, 0],
            [0, 0, 0],
            [0, 0, 0]
          ]
        },
        "cv_test_ens_acc": 0.777429467084639,
        "cv_test_ens_f1": 0.733125160170717,
        "cv_test_ens_confusion": {
          "cm_mean": [
            [101, 15, 12],
            [44, 94, 31],
            [19, 21, 301]
          ],
          "cm_std": [
            [0, 0, 0],
            [0, 0, 0],
            [0, 0, 0]
          ],
          "cm_mean_normalized": [
            [0.7890625, 0.1171875, 0.09375],
            [0.260355029585799, 0.556213017751479, 0.183431952662722],
            [0.0557184750733138, 0.06158357771261, 0.882697947214076]
          ],
          "cm_std_normalized": [
            [0, 0, 0],
            [0, 0, 0],
            [0, 0, 0]
          ]
        },
        "full_test_acc": 0.741379310344828,
        "full_test_f1": 0.680174114352076
      }
    ],
    "mul": [
      {
        "fusion_method": "mul",
        "seed": 42,
        "cv_val_acc_folds": [0.737068965517241, 0.73661670235546, 0.715746421267894, 0.803571428571429, 0.766292134831461],
        "cv_val_f1_folds": [0.706071550521736, 0.69896575993712, 0.682279018180714, 0.772722610351708, 0.728993688180769],
        "cv_test_acc_folds": [0.749216300940439, 0.74294670846395, 0.750783699059561, 0.750783699059561, 0.733542319749216],
        "cv_test_f1_folds": [0.69823968933001, 0.700130212547603, 0.695574539719968, 0.698125703976851, 0.683897709806867],
        "cv_val_f1_mean": 0.717806525434409,
        "cv_val_f1_std": 0.0349850569720264,
        "cv_test_f1_mean": 0.69519357107626,
        "cv_test_f1_std": 0.00651897782831022,
        "cv_val_confusion": {
          "cm_mean": [
            [131.8, 23.6, 17.8],
            [21.2, 52, 18.8],
            [14.2, 19.6, 163.6]
          ],
          "cm_std": [
            [15.927962832704, 13.5572858640659, 7.62889244910426],
            [6.41872261435249, 5.24404424085076, 4.65832587954085],
            [6.37965516309463, 4.61519230368573, 14.2056326856638]
          ],
          "cm_mean_normalized": [
            [0.760969976905312, 0.136258660508083, 0.102771362586605],
