{
  "methods": [
    "sent",
    "term",
    "concat",
    "add",
    "mul",
    "cross",
    "gated_concat",
    "bilinear",
    "coattn",
    "late_interaction"
  ],
  "seeds": [42, 43, 44],
  "folds": 5,
  "runs": {
    "sent": [
      {
        "fusion_method": "sent",
        "seed": 42,
        "cv_val_acc_folds": [0.726293103448276, 0.753747323340471, 0.756646216768916, 0.794642857142857, 0.757303370786517],
        "cv_val_f1_folds": [0.676811594202899, 0.722764182346821, 0.706703123610407, 0.753018334705793, 0.706488048282889],
        "cv_test_acc_folds": [0.753918495297806, 0.738244514106583, 0.772727272727273, 0.749216300940439, 0.749216300940439],
        "cv_test_f1_folds": [0.694038084341288, 0.693006443501493, 0.712230992664264, 0.684781789774657, 0.694876766818838],
        "cv_val_f1_mean": 0.713157056629762,
        "cv_val_f1_std": 0.0277864171726473,
        "cv_test_f1_mean": 0.695786815420108,
        "cv_test_f1_std": 0.0100391517513031,
        "cv_val_confusion": {
          "cm_mean": [
            [142.4, 15.8, 15],
            [26.8, 43.8, 21.4],
            [17.2, 16, 164.2]
          ],
          "cm_std": [
            [4.27784992724149, 4.86826457785524, 4.63680924774785],
            [6.37965516309463, 6.34034699365894, 6.18869937870632],
            [4.43846820423443, 7.90569415042095, 15.1723432600241]
          ],
          "cm_mean_normalized": [
            [0.822170900692841, 0.0912240184757506, 0.0866050808314088],
            [0.291304347826087, 0.476086956521739, 0.232608695652174],
            [0.0871327254305978, 0.0810536980749747, 0.831813576494428]
          ],
          "cm_std_normalized": [
            [0.0246989025822257, 0.0281077631515891, 0.0267714159800684],
            [0.0693440778597243, 0.0689168151484668, 0.0672684715076774],
            [0.022484641358837, 0.0400491091713321, 0.0768609081054921]
          ]
        },
        "cv_val_oof_ens_acc": 0.75745784695201,
        "cv_val_oof_ens_f1": 0.713263253463513,
        "cv_val_oof_ens_confusion": {
          "cm_mean": [
            [712, 79, 75],
            [134, 219, 107],
            [86, 80, 821]
          ],
          "cm_std": [
            [0, 0, 0],
            [0, 0, 0],
            [0, 0, 0]
          ],
          "cm_mean_normalized": [
            [0.822170900692841, 0.0912240184757506, 0.0866050808314088],
            [0.291304347826087, 0.476086956521739, 0.232608695652174],
            [0.0871327254305978, 0.0810536980749747, 0.831813576494428]
          ],
          "cm_std_normalized": [
            [0, 0, 0],
            [0, 0, 0],
            [0, 0, 0]
          ]
        },
        "cv_test_ens_acc": 0.758620689655172,
        "cv_test_ens_f1": 0.700016799244488,
        "cv_test_ens_confusion": {
          "cm_mean": [
            [106, 10, 12],
            [62, 74, 33],
            [24, 13, 304]
          ],
          "cm_std": [
            [0, 0, 0],
            [0, 0, 0],
            [0, 0, 0]
          ],
          "cm_mean_normalized": [
            [0.828125, 0.078125, 0.09375],
            [0.366863905325444, 0.437869822485207, 0.195266272189349],
            [0.0703812316715543, 0.0381231671554252, 0.891495601173021]
          ],
          "cm_std_normalized": [
            [0, 0, 0],
            [0, 0, 0],
            [0, 0, 0]
          ]
        },
        "full_test_acc": 0.763322884012539,
        "full_test_f1": 0.70552526495418
      },
      {
        "fusion_method": "sent",
        "seed": 43,
        "cv_val_acc_folds": [0.730603448275862, 0.734475374732334, 0.748466257668712, 0.790178571428571, 0.737078651685393],
        "cv_val_f1_folds": [0.692540096641377, 0.696453644940942, 0.706334569346864, 0.760605546961343, 0.691292067518288],
        "cv_test_acc_folds": [0.724137931034483, 0.753918495297806, 0.733542319749216, 0.749216300940439, 0.772727272727273],
        "cv_test_f1_folds": [0.669471500323463, 0.698158847156388, 0.670078972179539, 0.694492320619952, 0.731211511571332],
        "cv_val_f1_mean": 0.709445185081763,
        "cv_val_f1_std": 0.0292025528232592,
        "cv_test_f1_mean": 0.692682630370135,
        "cv_test_f1_std": 0.0253348600615192,
        "cv_val_confusion": {
          "cm_mean": [
            [139.2, 21, 13],
            [25, 47.2, 19.8],
            [19.2, 18.6, 159.6]
          ],
          "cm_std": [
            [5.80517010948, 7.44983221287567, 4.18330013267038],
            [6.20483682299543, 4.96990945591567, 3.19374388453426],
            [8.46758525200662, 4.61519230368573, 12.300406497348]
          ],
          "cm_mean_normalized": [
            [0.803695150115473, 0.121247113163972, 0.0750577367205543],
            [0.271739130434783, 0.51304347826087, 0.215217391304348],
            [0.0972644376899696, 0.0942249240121581, 0.808510638297872]
          ],
          "cm_std_normalized": [
            [0.0335171484381062, 0.043012888065102, 0.0241530030754641],
            [0.0674438785108199, 0.0540207549556051, 0.0347146074405898],
            [0.0428955686525158, 0.0233799002213056, 0.0623120896522187]
          ]
        },
        "cv_val_oof_ens_acc": 0.747946389969736,
        "cv_val_oof_ens_f1": 0.709184119214039,
        "cv_val_oof_ens_confusion": {
          "cm_mean": [
            [696, 105, 65],
            [125, 236, 99],
            [96, 93, 798]
          ],
          "cm_std": [
            [0, 0, 0],
            [0, 0, 0],
            [0, 0, 0]
          ],
          "cm_mean_normalized": [
            [0.803695150115473, 0.121247113163972, 0.0750577367205543],
            [0.271739130434783, 0.51304347826087, 0.215217391304348],
            [0.0972644376899696, 0.0942249240121581, 0.808510638297872]
          ],
          "cm_std_normalized": [
            [0, 0, 0],
            [0, 0, 0],
            [0, 0, 0]
          ]
        },
        "cv_test_ens_acc": 0.750783699059561,
        "cv_test_ens_f1": 0.697929943267923,
        "cv_test_ens_confusion": {
          "cm_mean": [
            [111, 10, 7],
            [61, 75, 33],
            [27, 21, 293]
          ],
          "cm_std": [
            [0, 0, 0],
            [0, 0, 0],
            [0, 0, 0]
          ],
          "cm_mean_normalized": [
            [0.8671875, 0.078125, 0.0546875],
            [0.36094674556213, 0.443786982248521, 0.195266272189349],
            [0.0791788856304985, 0.06158357771261, 0.859237536656892]
          ],
          "cm_std_normalized": [
            [0, 0, 0],
            [0, 0, 0],
            [0, 0, 0]
          ]
        },
        "full_test_acc": 0.75705329153605,
        "full_test_f1": 0.699458488284657
      },
      {
        "fusion_method": "sent",
        "seed": 44,
        "cv_val_acc_folds": [0.704741379310345, 0.773019271948608, 0.748466257668712, 0.78125, 0.719101123595506],
        "cv_val_f1_folds": [0.664437567338331, 0.733728051435431, 0.713364255437426, 0.747893786563737, 0.682759281620762],
        "cv_test_acc_folds": [0.772727272727273, 0.746081504702194, 0.744514106583072, 0.739811912225705, 0.786833855799373],
        "cv_test_f1_folds": [0.725914675602659, 0.690446745541445, 0.699507163148497, 0.686964383202875, 0.741068580855191],
        "cv_val_f1_mean": 0.708436588479137,
        "cv_val_f1_std": 0.0346988776102956,
        "cv_test_f1_mean": 0.708780309670134,
        "cv_test_f1_std": 0.0236334742459018,
        "cv_val_confusion": {
          "cm_mean": [
            [137.2, 22.6, 13.4],
            [22.8, 48.8, 20.4],
            [17, 21.6, 158.8]
          ],
          "cm_std": [
            [13.311649033835, 10.1143462467922, 2.96647939483827],
            [4.08656334834051, 4.76445169982864, 3.36154726279432],
            [3.16227766016838, 5.27257053058563, 10.0349389634417]
          ],
          "cm_mean_normalized": [
            [0.792147806004619, 0.130484988452656, 0.0773672055427252],
            [0.247826086956522, 0.530434782608696, 0.221739130434783],
            [0.0861195542046606, 0.109422492401216, 0.804457953394124]
          ],
          "cm_std_normalized": [
            [0.0768570960383083, 0.0583969182840198, 0.0171274791849784],
            [0.0444191668297882, 0.0517875184763982, 0.0365385572042861],
            [0.0160196436685328, 0.0267100837415685, 0.0508355570589751]
          ]
        },
        "cv_val_oof_ens_acc": 0.745352356247298,
        "cv_val_oof_ens_f1": 0.708492932593447,
        "cv_val_oof_ens_confusion": {
          "cm_mean": [
            [686, 113, 67],
            [114, 244, 102],
            [85, 108, 794]
          ],
          "cm_std": [
            [0, 0, 0],
            [0, 0, 0],
            [0, 0, 0]
          ],
          "cm_mean_normalized": [
            [0.792147806004619, 0.130484988452656, 0.0773672055427252],
            [0.247826086956522, 0.530434782608696, 0.221739130434783],
            [0.0861195542046606, 0.109422492401216, 0.804457953394124]
          ],
          "cm_std_normalized": [
            [0, 0, 0],
            [0, 0, 0],
            [0, 0, 0]
          ]
        },
        "cv_test_ens_acc": 0.760188087774295,
        "cv_test_ens_f1": 0.708452937352282,
        "cv_test_ens_confusion": {
          "cm_mean": [
            [106, 12, 10],
            [58, 81, 30],
            [22, 21, 298]
          ],
          "cm_std": [
            [0, 0, 0],
            [0, 0, 0],
            [0, 0, 0]
          ],
          "cm_mean_normalized": [
            [0.828125, 0.09375, 0.078125],
            [0.343195266272189, 0.479289940828402, 0.177514792899408],
            [0.0645161290322581, 0.06158357771261, 0.873900293255132]
          ],
          "cm_std_normalized": [
            [0, 0, 0],
            [0, 0, 0],
            [0, 0, 0]
          ]
        },
        "full_test_acc": 0.755485893416928,
        "full_test_f1": 0.699162922030964
      }
    ],
    "term": [
      {
        "fusion_method": "term",
        "seed": 42,
        "cv_val_acc_folds": [0.532327586206897, 0.54389721627409, 0.537832310838446, 0.553571428571429, 0.570786516853933],
        "cv_val_f1_folds": [0.492729642792893, 0.493222415546468, 0.481126356936627, 0.493602692493798, 0.500115338877122],
        "cv_test_acc_folds": [0.517241379310345, 0.509404388714734, 0.537617554858934, 0.506269592476489, 0.510971786833856],
        "cv_test_f1_folds": [0.443891516603835, 0.450012708667799, 0.460079928138004, 0.447196069002715, 0.429486065710556],
        "cv_val_f1_mean": 0.492159289329382,
        "cv_val_f1_std": 0.00686591717673327,
        "cv_test_f1_mean": 0.446133257624582,
        "cv_test_f1_std": 0.0111000419848158,
        "cv_val_confusion": {
          "cm_mean": [
            [93.6, 27.6, 52],
            [35.2, 22.6, 34.2],
            [42.4, 18, 137]
          ],
          "cm_std": [
            [3.20936130717624, 10.7144761887831, 10.9772492000501],
            [8.5848704125339, 4.50555213042752, 11.4324100696222],
            [3.36154726279432, 6.96419413859206, 7.84219357067906]
          ],
          "cm_mean_normalized": [
            [0.540415704387991, 0.159353348729792, 0.300230946882217],
            [0.382608695652174, 0.245652173913044, 0.371739130434783],
            [0.214792299898683, 0.0911854103343465, 0.694022289766971]
          ],
          "cm_std_normalized": [
            [0.0185297996950129, 0.0618618717597177, 0.0633790369517903],
            [0.0933138088318902, 0.0489733927220383, 0.12426532684372],
            [0.0170291148064555, 0.0352796055653093, 0.039727424370208]
          ]
        },
        "cv_val_oof_ens_acc": 0.547341115434501,
        "cv_val_oof_ens_f1": 0.492383877302029,
        "cv_val_oof_ens_confusion": {
          "cm_mean": [
            [468, 138, 260],
            [176, 113, 171],
            [212, 90, 685]
          ],
          "cm_std": [
            [0, 0, 0],
            [0, 0, 0],
            [0, 0, 0]
          ],
          "cm_mean_normalized": [
            [0.540415704387991, 0.159353348729792, 0.300230946882217],
            [0.382608695652174, 0.245652173913043, 0.371739130434783],
            [0.214792299898683, 0.0911854103343465, 0.694022289766971]
          ],
          "cm_std_normalized": [
            [0, 0, 0],
            [0, 0, 0],
            [0, 0, 0]
          ]
        },
        "cv_test_ens_acc": 0.537617554858934,
        "cv_test_ens_f1": 0.468224977673105,
        "cv_test_ens_confusion": {
          "cm_mean": [
            [56, 12, 60],
            [62, 48, 59],
            [64, 38, 239]
          ],
          "cm_std": [
            [0, 0, 0],
            [0, 0, 0],
            [0, 0, 0]
          ],
          "cm_mean_normalized": [
            [0.4375, 0.09375, 0.46875],
            [0.366863905325444, 0.284023668639053, 0.349112426035503],
            [0.187683284457478, 0.111436950146628, 0.700879765395895]
          ],
          "cm_std_normalized": [
            [0, 0, 0],
            [0, 0, 0],
            [0, 0, 0]
          ]
        },
        "full_test_acc": 0.53448275862069,
        "full_test_f1": 0.459552332079805
      },
      {
        "fusion_method": "term",
        "seed": 43,
        "cv_val_acc_folds": [0.5625, 0.556745182012848, 0.556237218813906, 0.520089285714286, 0.537078651685393],
        "cv_val_f1_folds": [0.499879223338846, 0.509207996557521, 0.504603620393094, 0.474870343453742, 0.4746174144331],
        "cv_test_acc_folds": [0.543887147335423, 0.550156739811912, 0.547021943573668, 0.540752351097179, 0.531347962382445],
        "cv_test_f1_folds": [0.464404920883566, 0.477365296712159, 0.484427984874015, 0.47787111308753, 0.459361828274765],
        "cv_val_f1_mean": 0.492635719635261,
        "cv_val_f1_std": 0.0166628874303822,
        "cv_test_f1_mean": 0.472686228766407,
        "cv_test_f1_std": 0.0104015052692751,
        "cv_val_confusion": {
          "cm_mean": [
            [86.8, 30, 56.4],
            [33.2, 24.4, 34.4],
            [35.4, 20.2, 141.8]
          ],
          "cm_std": [
            [10.733126291999, 7.3143694191639, 9.31665175908169],
            [5.80517010948, 4.61519230368573, 6.42650760522385],
            [3.20936130717624, 3.76828873628335, 7.98122797569397]
          ],
          "cm_mean_normalized": [
            [0.501154734411086, 0.173210161662818, 0.325635103926097],
            [0.360869565217391, 0.265217391304348, 0.373913043478261],
            [0.179331306990881, 0.102330293819656, 0.718338399189463]
          ],
          "cm_std_normalized": [
            [0.0619695513394861, 0.0422307703184983, 0.0537912919115571],
            [0.0630996751030434, 0.0501651337357145, 0.0698533435350419],
            [0.0162581626503356, 0.0190896085931274, 0.04043175266309]
          ]
        },
        "cv_val_oof_ens_acc": 0.546908776480761,
        "cv_val_oof_ens_f1": 0.493584645793377,
        "cv_val_oof_ens_confusion": {
          "cm_mean": [
            [434, 150, 282],
            [166, 122, 172],
            [177, 101, 709]
          ],
          "cm_std": [
            [0, 0, 0],
            [0, 0, 0],
            [0, 0, 0]
          ],
          "cm_mean_normalized": [
            [0.501154734411086, 0.173210161662818, 0.325635103926097],
            [0.360869565217391, 0.265217391304348, 0.373913043478261],
            [0.179331306990881, 0.102330293819656, 0.718338399189463]
          ],
          "cm_std_normalized": [
            [0, 0, 0],
            [0, 0, 0],
            [0, 0, 0]
          ]
        },
        "cv_test_ens_acc": 0.542319749216301,
        "cv_test_ens_f1": 0.472016907636643,
        "cv_test_ens_confusion": {
          "cm_mean": [
            [50, 17, 61],
            [57, 54, 58],
            [62, 37, 242]
          ],
          "cm_std": [
            [0, 0, 0],
            [0, 0, 0],
            [0, 0, 0]
          ],
          "cm_mean_normalized": [
            [0.390625, 0.1328125, 0.4765625],
            [0.337278106508876, 0.319526627218935, 0.343195266272189],
            [0.181818181818182, 0.108504398826979, 0.709677419354839]
          ],
          "cm_std_normalized": [
            [0, 0, 0],
            [0, 0, 0],
            [0, 0, 0]
          ]
        },
        "full_test_acc": 0.526645768025078,
        "full_test_f1": 0.449887069646106
      },
      {
        "fusion_method": "term",
        "seed": 44,
        "cv_val_acc_folds": [0.53448275862069, 0.548179871520343, 0.550102249488753, 0.566964285714286, 0.552808988764045],
        "cv_val_f1_folds": [0.492049382716049, 0.498980198664831, 0.494776187277996, 0.502982869491615, 0.481546693623051],
        "cv_test_acc_folds": [0.482758620689655, 0.532915360501567, 0.518808777429467, 0.501567398119122, 0.553291536050157],
        "cv_test_f1_folds": [0.42337608745408, 0.448009748094129, 0.449342641389104, 0.425396489591461, 0.458706641492023],
        "cv_val_f1_mean": 0.494067066354708,
        "cv_val_f1_std": 0.00813885814721596,
        "cv_test_f1_mean": 0.440966321604159,
        "cv_test_f1_std": 0.0157029260485208,
        "cv_val_confusion": {
          "cm_mean": [
            [94.2, 21.4, 57.6],
            [36, 22.4, 33.6],
            [42.2, 17.2, 138]
          ],
          "cm_std": [
            [13.0843417870369, 7.23187389270582, 16.4560019445794],
            [3.74165738677394, 3.286335345031, 5.54977477020464],
            [13.8275088139549, 5.58569601750758, 12.7082650271388]
          ],
          "cm_mean_normalized": [
            [0.543879907621247, 0.123556581986143, 0.33256351039261],
            [0.391304347826087, 0.243478260869565, 0.365217391304348],
            [0.213779128672746, 0.0871327254305978, 0.699088145896657]
          ],
          "cm_std_normalized": [
            [0.075544698539474, 0.0417544682026895, 0.0950115585714745],
            [0.0406701889866733, 0.0357210363590326, 0.0603236388065722],
            [0.0700481702834594, 0.028296332408853, 0.0643782422854044]
          ]
        },
        "cv_val_oof_ens_acc": 0.550367488110679,
        "cv_val_oof_ens_f1": 0.494975145473098,
        "cv_val_oof_ens_confusion": {
          "cm_mean": [
            [471, 107, 288],
            [180, 112, 168],
            [211, 86, 690]
          ],
          "cm_std": [
            [0, 0, 0],
            [0, 0, 0],
            [0, 0, 0]
          ],
          "cm_mean_normalized": [
            [0.543879907621247, 0.123556581986143, 0.33256351039261],
            [0.391304347826087, 0.243478260869565, 0.365217391304348],
            [0.213779128672746, 0.0871327254305978, 0.699088145896657]
          ],
          "cm_std_normalized": [
            [0, 0, 0],
            [0, 0, 0],
            [0, 0, 0]
          ]
        },
        "cv_test_ens_acc": 0.542319749216301,
        "cv_test_ens_f1": 0.4624661734262,
        "cv_test_ens_confusion": {
          "cm_mean": [
            [57, 10, 61],
            [77, 41, 51],
            [67, 26, 248]
          ],
          "cm_std": [
            [0, 0, 0],
            [0, 0, 0],
            [0, 0, 0]
          ],
          "cm_mean_normalized": [
            [0.4453125, 0.078125, 0.4765625],
            [0.455621301775148, 0.242603550295858, 0.301775147928994],
            [0.196480938416422, 0.0762463343108504, 0.727272727272727]
          ],
          "cm_std_normalized": [
            [0, 0, 0],
            [0, 0, 0],
            [0, 0, 0]
          ]
        },
        "full_test_acc": 0.531347962382445,
        "full_test_f1": 0.458018944769421
      }
    ],
    "concat": [
      {
        "fusion_method": "concat",
        "seed": 42,
        "cv_val_acc_folds": [0.691810344827586, 0.747323340471092, 0.738241308793456, 0.790178571428571, 0.752808988764045],
        "cv_val_f1_folds": [0.666916508435159, 0.698540022069434, 0.688890577956819, 0.762076842085657, 0.707103312392128],
        "cv_test_acc_folds": [0.747648902821317, 0.722570532915361, 0.741379310344828, 0.736677115987461, 0.768025078369906],
        "cv_test_f1_folds": [0.695920917552389, 0.658867279762802, 0.68801234936519, 0.683742537568348, 0.716344426030694],
        "cv_val_f1_mean": 0.70470545258784,
        "cv_val_f1_std": 0.0354025181230018,
        "cv_test_f1_mean": 0.688577502055885,
        "cv_test_f1_std": 0.0208045752542623,
        "cv_val_confusion": {
          "cm_mean": [
            [136.6, 22.2, 14.4],
            [23, 46.8, 22.2],
            [16, 20.8, 160.6]
          ],
          "cm_std": [
            [13.9570770578943, 10.9863551735778, 4.39317652729776],
            [6.89202437604511, 6.76017751246223, 6.83373982530796],
            [3.53553390593274, 11.3004424692133, 13.3154046127033]
          ],
          "cm_mean_normalized": [
            [0.788683602771363, 0.128175519630485, 0.0831408775981524],
            [0.25, 0.508695652173913, 0.241304347826087],
            [0.0810536980749747, 0.105369807497467, 0.813576494427558]
          ],
          "cm_std_normalized": [
            [0.0805835857846093, 0.0634316118566848, 0.025364760550218],
            [0.0749133084352729, 0.0734801903528503, 0.0742797807098691],
            [0.0179105061090818, 0.0572464157508274, 0.0674539240765111]
          ]
        },
        "cv_val_oof_ens_acc": 0.743623000432339,
        "cv_val_oof_ens_f1": 0.704032405116759,
        "cv_val_oof_ens_confusion": {
          "cm_mean": [
            [683, 111, 72],
            [115, 234, 111],
            [80, 104, 803]
          ],
          "cm_std": [
            [0, 0, 0],
            [0, 0, 0],
            [0, 0, 0]
          ],
          "cm_mean_normalized": [
            [0.788683602771363, 0.128175519630485, 0.0831408775981524],
            [0.25, 0.508695652173913, 0.241304347826087],
            [0.0810536980749747, 0.105369807497467, 0.813576494427558]
          ],
          "cm_std_normalized": [
            [0, 0, 0],
            [0, 0, 0],
            [0, 0, 0]
          ]
        },
        "cv_test_ens_acc": 0.749216300940439,
        "cv_test_ens_f1": 0.694743091385652,
        "cv_test_ens_confusion": {
          "cm_mean": [
            [104, 11, 13],
            [60, 77, 32],
            [21, 23, 297]
          ],
          "cm_std": [
            [0, 0, 0],
            [0, 0, 0],
            [0, 0, 0]
          ],
          "cm_mean_normalized": [
            [0.8125, 0.0859375, 0.1015625],
            [0.355029585798817, 0.455621301775148, 0.189349112426036],
            [0.06158357771261, 0.0674486803519062, 0.870967741935484]
          ],
          "cm_std_normalized": [
            [0, 0, 0],
            [0, 0, 0],
            [0, 0, 0]
          ]
        },
        "full_test_acc": 0.741379310344828,
        "full_test_f1": 0.680962056458557
      },
      {
        "fusion_method": "concat",
        "seed": 43,
        "cv_val_acc_folds": [0.739224137931035, 0.71948608137045, 0.744376278118609, 0.792410714285714, 0.77752808988764],
        "cv_val_f1_folds": [0.694055468235921, 0.686344753252919, 0.695609778284306, 0.75922420418234, 0.74119494137643],
        "cv_test_acc_folds": [0.739811912225705, 0.753918495297806, 0.750783699059561, 0.753918495297806, 0.758620689655172],
        "cv_test_f1_folds": [0.670509130400519, 0.710427053224648, 0.68952315140624, 0.694253261358525, 0.709849406423537],
        "cv_val_f1_mean": 0.715285829066383,
        "cv_val_f1_std": 0.0327006268026178,
        "cv_test_f1_mean": 0.694912400562694,
        "cv_test_f1_std": 0.0164986109784799,
        "cv_val_confusion": {
          "cm_mean": [
            [133.8, 23.6, 15.8],
            [22.6, 47.6, 21.8],
            [15.2, 14.8, 167.4]
          ],
          "cm_std": [
            [3.63318042491699, 7.50333259292163, 2.58843582110896],
            [4.15932686861708, 4.27784992724149, 6.30079360080935],
            [3.76828873628335, 5.6302753041037, 9.71081870904817]
          ],
          "cm_mean_normalized": [
            [0.772517321016166, 0.136258660508083, 0.0912240184757506],
            [0.245652173913044, 0.517391304347826, 0.23695652173913],
            [0.0770010131712259, 0.0749746707193516, 0.848024316109423]
          ],
          "cm_std_normalized": [
            [0.0209767922916685, 0.0433217817143281, 0.0149447795676037],
            [0.0452100746588814, 0.046498368774364, 0.068486886965319],
            [0.0190896085931274, 0.028522164661113, 0.0491936104815004]
          ]
        },
        "cv_val_oof_ens_acc": 0.753999135322093,
        "cv_val_oof_ens_f1": 0.714313833709164,
        "cv_val_oof_ens_confusion": {
          "cm_mean": [
            [669, 118, 79],
            [113, 238, 109],
            [76, 74, 837]
          ],
          "cm_std": [
            [0, 0, 0],
            [0, 0, 0],
            [0, 0, 0]
          ],
          "cm_mean_normalized": [
            [0.772517321016166, 0.136258660508083, 0.0912240184757506],
            [0.245652173913043, 0.517391304347826, 0.23695652173913],
            [0.0770010131712259, 0.0749746707193516, 0.848024316109423]
          ],
          "cm_std_normalized": [
            [0, 0, 0],
            [0, 0, 0],
            [0, 0, 0]
          ]
        },
        "cv_test_ens_acc": 0.761755485893417,
        "cv_test_ens_f1": 0.710162432054907,
        "cv_test_ens_confusion": {
          "cm_mean": [
            [104, 12, 12],
            [50, 80, 39],
            [20, 19, 302]
          ],
          "cm_std": [
            [0, 0, 0],
            [0, 0, 0],
            [0, 0, 0]
          ],
          "cm_mean_normalized": [
            [0.8125, 0.09375, 0.09375],
            [0.295857988165681, 0.473372781065089, 0.230769230769231],
            [0.0586510263929619, 0.0557184750733138, 0.885630498533724]
          ],
          "cm_std_normalized": [
            [0, 0, 0],
            [0, 0, 0],
            [0, 0, 0]
          ]
        },
        "full_test_acc": 0.72884012539185,
        "full_test_f1": 0.667278155270743
      },
      {
        "fusion_method": "concat",
        "seed": 44,
        "cv_val_acc_folds": [0.719827586206897, 0.758029978586724, 0.719836400817996, 0.776785714285714, 0.766292134831461],
        "cv_val_f1_folds": [0.692061053133504, 0.721546393442674, 0.675647871288467, 0.746297919304054, 0.719512983290073],
        "cv_test_acc_folds": [0.755485893416928, 0.747648902821317, 0.746081504702194, 0.739811912225705, 0.746081504702194],
        "cv_test_f1_folds": [0.708409102702965, 0.694170824879724, 0.700134651838898, 0.691215743170749, 0.682352708082758],
        "cv_val_f1_mean": 0.711013244091754,
        "cv_val_f1_std": 0.0275594640829569,
        "cv_test_f1_mean": 0.695256606135019,
        "cv_test_f1_std": 0.00975706891479815,
        "cv_val_confusion": {
          "cm_mean": [
            [137.6, 21.6, 14],
            [24.6, 48.6, 18.8],
            [17, 20.8, 159.6]
          ],
          "cm_std": [
            [10.0647901120689, 6.54217089351845, 3.53553390593274],
            [4.87852436706019, 4.72228758124704, 4.14728827066554],
            [6.28490254498827, 4.91934955049954, 4.97995983919549]
          ],
          "cm_mean_normalized": [
            [0.79445727482679, 0.124711316397229, 0.0808314087759815],
            [0.267391304347826, 0.528260869565218, 0.204347826086957],
            [0.0861195542046606, 0.105369807497467, 0.808510638297872]
          ],
          "cm_std_normalized": [
            [0.0581107974137928, 0.037772349269737, 0.0204130133136994],
            [0.0530274387723933, 0.0513292128396417, 0.0450792203333211],
            [0.0318384120820074, 0.0249207170744657, 0.0252277600769782]
          ]
        },
        "cv_val_oof_ens_acc": 0.747514051015997,
        "cv_val_oof_ens_f1": 0.710319926387967,
        "cv_val_oof_ens_confusion": {
          "cm_mean": [
            [688, 108, 70],
            [123, 243, 94],
            [85, 104, 798]
          ],
          "cm_std": [
            [0, 0, 0],
            [0, 0, 0],
            [0, 0, 0]
          ],
          "cm_mean_normalized": [
            [0.79445727482679, 0.124711316397229, 0.0808314087759815],
            [0.267391304347826, 0.528260869565217, 0.204347826086957],
            [0.0861195542046606, 0.105369807497467, 0.808510638297872]
          ],
          "cm_std_normalized": [
            [0, 0, 0],
            [0, 0, 0],
            [0, 0, 0]
          ]
        },
        "cv_test_ens_acc": 0.758620689655172,
        "cv_test_ens_f1": 0.707841925655691,
        "cv_test_ens_confusion": {
          "cm_mean": [
            [107, 12, 9],
            [58, 81, 30],
            [22, 23, 296]
          ],
          "cm_std": [
            [0, 0, 0],
            [0, 0, 0],
            [0, 0, 0]
          ],
          "cm_mean_normalized": [
            [0.8359375, 0.09375, 0.0703125],
            [0.343195266272189, 0.479289940828402, 0.177514792899408],
            [0.0645161290322581, 0.0674486803519062, 0.868035190615836]
          ],
          "cm_std_normalized": [
            [0, 0, 0],
            [0, 0, 0],
            [0, 0, 0]
          ]
        },
        "full_test_acc": 0.74294670846395,
        "full_test_f1": 0.677599017897525
      }
    ],
    "add": [
      {
        "fusion_method": "add",
        "seed": 42,
        "cv_val_acc_folds": [0.72198275862069, 0.747323340471092, 0.756646216768916, 0.787946428571429, 0.737078651685393],
        "cv_val_f1_folds": [0.677644769390887, 0.705355425610394, 0.719361155799653, 0.754011080079192, 0.697128738153039],
        "cv_test_acc_folds": [0.760188087774295, 0.749216300940439, 0.768025078369906, 0.744514106583072, 0.746081504702194],
        "cv_test_f1_folds": [0.71312083707314, 0.695053606237817, 0.715431794799173, 0.682345062186079, 0.685715842939121],
        "cv_val_f1_mean": 0.710700233806633,
        "cv_val_f1_std": 0.0285318119442367,
        "cv_test_f1_mean": 0.698333428647066,
        "cv_test_f1_std": 0.0153020434849027,
        "cv_val_confusion": {
          "cm_mean": [
            [134, 21, 18.2],
            [23.6, 46.6, 21.8],
            [15.6, 15.4, 166.4]
          ],
          "cm_std": [
            [7.17635004720366, 8.45576726264388, 5.54075807087803],
            [7.63544366752843, 4.82700735445887, 3.63318042491699],
            [6.10737259384099, 5.94138031100518, 11.5455619178973]
          ],
          "cm_mean_normalized": [
            [0.773672055427252, 0.121247113163972, 0.105080831408776],
            [0.256521739130435, 0.506521739130435, 0.23695652173913],
            [0.0790273556231003, 0.0780141843971631, 0.842958459979737]
          ],
          "cm_std_normalized": [
            [0.0414338917275038, 0.0488208271515236, 0.0319905200397115],
            [0.0829939529079177, 0.0524674712441181, 0.0394910915751847],
            [0.0309390708907852, 0.0300981778673008, 0.0584881556124482]
          ]
        },
        "cv_val_oof_ens_acc": 0.750108084738435,
        "cv_val_oof_ens_f1": 0.7101379551252,
        "cv_val_oof_ens_confusion": {
          "cm_mean": [
            [670, 105, 91],
            [118, 233, 109],
            [78, 77, 832]
          ],
          "cm_std": [
            [0, 0, 0],
            [0, 0, 0],
            [0, 0, 0]
          ],
          "cm_mean_normalized": [
            [0.773672055427252, 0.121247113163972, 0.105080831408776],
            [0.256521739130435, 0.506521739130435, 0.23695652173913],
            [0.0790273556231003, 0.0780141843971631, 0.842958459979737]
          ],
          "cm_std_normalized": [
            [0, 0, 0],
            [0, 0, 0],
            [0, 0, 0]
          ]
        },
        "cv_test_ens_acc": 0.764890282131661,
        "cv_test_ens_f1": 0.709253381329149,
        "cv_test_ens_confusion": {
          "cm_mean": [
            [104, 12, 12],
            [55, 78, 36],
            [18, 17, 306]
          ],
          "cm_std": [
            [0, 0, 0],
            [0, 0, 0],
            [0, 0, 0]
          ],
          "cm_mean_normalized": [
            [0.8125, 0.09375, 0.09375],
            [0.325443786982249, 0.461538461538462, 0.21301775147929],
            [0.0527859237536657, 0.0498533724340176, 0.897360703812317]
          ],
          "cm_std_normalized": [
            [0, 0, 0],
            [0, 0, 0],
            [0, 0, 0]
          ]
        },
        "full_test_acc": 0.738244514106583,
        "full_test_f1": 0.67841349108183
      },
      {
        "fusion_method": "add",
        "seed": 43,
        "cv_val_acc_folds": [0.713362068965517, 0.740899357601713, 0.732106339468303, 0.796875, 0.750561797752809],
        "cv_val_f1_folds": [0.68057240732662, 0.693337969079573, 0.701115812514247, 0.763427210519499, 0.69954285170638],
        "cv_test_acc_folds": [0.710031347962382, 0.760188087774295, 0.741379310344828, 0.749216300940439, 0.758620689655172],
        "cv_test_f1_folds": [0.652755663909883, 0.70225334100038, 0.696377477438058, 0.694689138125136, 0.703808694247639],
        "cv_val_f1_mean": 0.707599250229264,
        "cv_val_f1_std": 0.0322394790949188,
        "cv_test_f1_mean": 0.689976862944219,
        "cv_test_f1_std": 0.0211578740159707,
        "cv_val_confusion": {
          "cm_mean": [
            [140.2, 19.6, 13.4],
            [25.2, 46.8, 20],
            [19.2, 20, 158.2]
          ],
          "cm_std": [
            [3.63318042491699, 10.1390334845093, 2.70185121722126],
            [7.19027120489902, 7.46324326281812, 3.08220700148449],
            [10.5214067500501, 6.20483682299543, 11.2116011345392]
          ],
          "cm_mean_normalized": [
            [0.809468822170901, 0.113163972286374, 0.0773672055427252],
            [0.273913043478261, 0.508695652173913, 0.217391304347826],
            [0.0972644376899696, 0.101317122593718, 0.801418439716312]
          ],
          "cm_std_normalized": [
            [0.0209767922916685, 0.0585394542985523, 0.0155996028707925],
            [0.0781551217923807, 0.0811222093784578, 0.0335022500161357],
            [0.0532999328776601, 0.0314328106534723, 0.0567963583309988]
          ]
        },
        "cv_val_oof_ens_acc": 0.746217034154777,
        "cv_val_oof_ens_f1": 0.70723643960163,
        "cv_val_oof_ens_confusion": {
          "cm_mean": [
            [701, 98, 67],
            [126, 234, 100],
            [96, 100, 791]
          ],
          "cm_std": [
            [0, 0, 0],
            [0, 0, 0],
            [0, 0, 0]
          ],
          "cm_mean_normalized": [
            [0.809468822170901, 0.113163972286374, 0.0773672055427252],
            [0.273913043478261, 0.508695652173913, 0.217391304347826],
            [0.0972644376899696, 0.101317122593718, 0.801418439716312]
          ],
          "cm_std_normalized": [
            [0, 0, 0],
            [0, 0, 0],
            [0, 0, 0]
          ]
        },
        "cv_test_ens_acc": 0.761755485893417,
        "cv_test_ens_f1": 0.709102608370647,
        "cv_test_ens_confusion": {
          "cm_mean": [
            [111, 10, 7],
            [66, 79, 24],
            [24, 21, 296]
          ],
          "cm_std": [
            [0, 0, 0],
            [0, 0, 0],
            [0, 0, 0]
          ],
          "cm_mean_normalized": [
            [0.8671875, 0.078125, 0.0546875],
            [0.390532544378698, 0.467455621301775, 0.142011834319527],
            [0.0703812316715543, 0.06158357771261, 0.868035190615836]
          ],
          "cm_std_normalized": [
            [0, 0, 0],
            [0, 0, 0],
            [0, 0, 0]
          ]
        },
        "full_test_acc": 0.749216300940439,
        "full_test_f1": 0.686101922834836
      },
      {
        "fusion_method": "add",
        "seed": 44,
        "cv_val_acc_folds": [0.732758620689655, 0.734475374732334, 0.760736196319019, 0.776785714285714, 0.746067415730337],
        "cv_val_f1_folds": [0.707111556792909, 0.701076225991419, 0.714506675470296, 0.739765681835456, 0.710144097008073],
        "cv_test_acc_folds": [0.752351097178683, 0.782131661442006, 0.753918495297806, 0.711598746081505, 0.766457680250784],
        "cv_test_f1_folds": [0.706283742030828, 0.739055455857933, 0.699382797399403, 0.661116732110712, 0.719583521165483],
        "cv_val_f1_mean": 0.714520847419631,
        "cv_val_f1_std": 0.0149341324039164,
        "cv_test_f1_mean": 0.705084449712872,
        "cv_test_f1_std": 0.0288589659543034,
        "cv_val_confusion": {
          "cm_mean": [
            [132.6, 26.4, 14.2],
            [21.8, 50.8, 19.4],
            [14.8, 19, 163.6]
          ],
          "cm_std": [
            [10.8305124532498, 6.10737259384099, 6.79705818718657],
            [4.43846820423443, 4.7116875957559, 4.4497190922574],
            [6.49615270756469, 7.34846922834953, 10.807404868885]
          ],
          "cm_mean_normalized": [
            [0.765588914549654, 0.152424942263279, 0.081986143187067],
            [0.23695652173913, 0.552173913043478, 0.210869565217391],
            [0.0749746707193516, 0.0962512664640324, 0.828774062816616]
          ],
          "cm_std_normalized": [
            [0.0625318270972855, 0.035261966477142, 0.0392439849144721],
            [0.0482442196112438, 0.0512139956060424, 0.048366511872363],
            [0.0329085750129923, 0.0372262878842428, 0.0547487582010387]
          ]
        },
        "cv_val_oof_ens_acc": 0.750108084738435,
        "cv_val_oof_ens_f1": 0.714526017671001,
        "cv_val_oof_ens_confusion": {
          "cm_mean": [
            [663, 132, 71],
            [109, 254, 97],
            [74, 95, 818]
          ],
          "cm_std": [
            [0, 0, 0],
            [0, 0, 0],
            [0, 0, 0]
          ],
          "cm_mean_normalized": [
            [0.765588914549654, 0.152424942263279, 0.081986143187067],
            [0.23695652173913, 0.552173913043478, 0.210869565217391],
            [0.0749746707193516, 0.0962512664640324, 0.828774062816616]
          ],
          "cm_std_normalized": [
            [0, 0, 0],
            [0, 0, 0],
            [0, 0, 0]
          ]
        },
        "cv_test_ens_acc": 0.763322884012539,
        "cv_test_ens_f1": 0.715387563955136,
        "cv_test_ens_confusion": {
          "cm_mean": [
            [101, 17, 10],
            [50, 89, 30],
            [24, 20, 297]
          ],
          "cm_std": [
            [0, 0, 0],
            [0, 0, 0],
            [0, 0, 0]
          ],
          "cm_mean_normalized": [
            [0.7890625, 0.1328125, 0.078125],
            [0.295857988165681, 0.526627218934911, 0.177514792899408],
            [0.0703812316715543, 0.0586510263929619, 0.870967741935484]
          ],
          "cm_std_normalized": [
            [0, 0, 0],
            [0, 0, 0],
            [0, 0, 0]
          ]
        },
        "full_test_acc": 0.727272727272727,
        "full_test_f1": 0.663400602391332
      }
    ],
    "mul": [
      {
        "fusion_method": "mul",
        "seed": 42,
        "cv_val_acc_folds": [0.706896551724138, 0.768736616702356, 0.734151329243354, 0.794642857142857, 0.734831460674157],
        "cv_val_f1_folds": [0.668610664075353, 0.72676339241798, 0.691702115773872, 0.766458633852434, 0.689888006187538],
        "cv_test_acc_folds": [0.746081504702194, 0.736677115987461, 0.753918495297806, 0.733542319749216, 0.760188087774295],
        "cv_test_f1_folds": [0.687943148469464, 0.668385677006763, 0.707674219427251, 0.672118702553485, 0.699413670008989],
        "cv_val_f1_mean": 0.708684562461435,
        "cv_val_f1_std": 0.0384458020231132,
        "cv_test_f1_mean": 0.687107083493191,
        "cv_test_f1_std": 0.0169580421988306,
        "cv_val_confusion": {
          "cm_mean": [
            [137.2, 19.6, 16.4],
            [25, 46.2, 20.8],
            [15.4, 19.6, 162.4]
          ],
          "cm_std": [
            [6.72309452558864, 9.86407623652616, 4.03732584763727],
            [4.84767985741633, 3.89871773792359, 3.03315017762062],
            [3.84707681233427, 9.07193474403338, 11.823705003086]
          ],
          "cm_mean_normalized": [
