{
  "methods": [
    "sent",
    "term",
    "concat",
    "add",
    "mul",
    "cross",
    "gated_concat",
    "bilinear",
    "coattn",
    "late_interaction"
  ],
  "seeds": [42, 43, 44],
  "folds": 5,
  "runs": {
    "sent": [
      {
        "fusion_method": "sent",
        "seed": 42,
        "cv_val_acc_folds": [0.737068965517241, 0.755888650963598, 0.738241308793456, 0.796875, 0.739325842696629],
        "cv_val_f1_folds": [0.694515567857116, 0.718574958365534, 0.706679879947438, 0.75709711432896, 0.697195021983755],
        "cv_test_acc_folds": [0.750783699059561, 0.74294670846395, 0.763322884012539, 0.752351097178683, 0.74294670846395],
        "cv_test_f1_folds": [0.694714421949088, 0.694592231047862, 0.721074573285299, 0.692410674418982, 0.695757373916198],
        "cv_val_f1_mean": 0.71481250849656,
        "cv_val_f1_std": 0.025449092306436,
        "cv_test_f1_mean": 0.699709854923486,
        "cv_test_f1_std": 0.0120051630305877,
        "cv_val_confusion": {
          "cm_mean": [
            [137.6, 22.2, 13.4],
            [22.4, 48.4, 21.2],
            [16.2, 18.8, 162.4]
          ],
          "cm_std": [
            [11.238327277669, 11.5195486022674, 4.39317652729776],
            [2.96647939483827, 6.308724118235, 4.81663783151692],
            [3.19374388453426, 5.80517010948, 13.6491757992928]
          ],
          "cm_mean_normalized": [
            [0.79445727482679, 0.128175519630485, 0.0773672055427252],
            [0.243478260869565, 0.526086956521739, 0.230434782608696],
            [0.0820668693009119, 0.0952380952380952, 0.822695035460993]
          ],
          "cm_std_normalized": [
            [0.0648864161528236, 0.0665100958560471, 0.025364760550218],
            [0.032244341248242, 0.0685730882416848, 0.0523547590382274],
            [0.0161790470341148, 0.0294081565829787, 0.0691447608880081]
          ]
        },
        "cv_val_oof_ens_acc": 0.753134457414613,
        "cv_val_oof_ens_f1": 0.714930900663881,
        "cv_val_oof_ens_confusion": {
          "cm_mean": [
            [688, 111, 67],
            [112, 242, 106],
            [81, 94, 812]
          ],
          "cm_std": [
            [0, 0, 0],
            [0, 0, 0],
            [0, 0, 0]
          ],
          "cm_mean_normalized": [
            [0.79445727482679, 0.128175519630485, 0.0773672055427252],
            [0.243478260869565, 0.526086956521739, 0.230434782608696],
            [0.0820668693009119, 0.0952380952380952, 0.822695035460993]
          ],
          "cm_std_normalized": [
            [0, 0, 0],
            [0, 0, 0],
            [0, 0, 0]
          ]
        },
        "cv_test_ens_acc": 0.75705329153605,
        "cv_test_ens_f1": 0.70703140583631,
        "cv_test_ens_confusion": {
          "cm_mean": [
            [106, 12, 10],
            [54, 81, 34],
            [25, 20, 296]
          ],
          "cm_std": [
            [0, 0, 0],
            [0, 0, 0],
            [0, 0, 0]
          ],
          "cm_mean_normalized": [
            [0.828125, 0.09375, 0.078125],
            [0.319526627218935, 0.479289940828402, 0.201183431952663],
            [0.0733137829912024, 0.0586510263929619, 0.868035190615836]
          ],
          "cm_std_normalized": [
            [0, 0, 0],
            [0, 0, 0],
            [0, 0, 0]
          ]
        },
        "full_test_acc": 0.741379310344828,
        "full_test_f1": 0.688108381916078
      },
      {
        "fusion_method": "sent",
        "seed": 43,
        "cv_val_acc_folds": [0.711206896551724, 0.764453961456103, 0.668711656441718, 0.774553571428571, 0.739325842696629],
        "cv_val_f1_folds": [0.680852214147409, 0.716739254825246, 0.652824314185295, 0.741880520582317, 0.702671531470525],
        "cv_test_acc_folds": [0.72884012539185, 0.764890282131661, 0.760188087774295, 0.761755485893417, 0.766457680250784],
        "cv_test_f1_folds": [0.680717908830198, 0.704337041602609, 0.733250005293984, 0.705706220708209, 0.718298733516125],
        "cv_val_f1_mean": 0.698993567042159,
        "cv_val_f1_std": 0.0340163057789926,
        "cv_test_f1_mean": 0.708461981990225,
        "cv_test_f1_std": 0.0194007134459262,
        "cv_val_confusion": {
          "cm_mean": [
            [129.8, 29, 14.4],
            [21, 51.8, 19.2],
            [16.4, 24.6, 156.4]
          ],
          "cm_std": [
            [13.2928552237659, 16.7032930884901, 3.43511280746353],
            [5.65685424949238, 9.23038460737146, 3.42052627529741],
            [9.34344690143846, 14.2056326856638, 12.0332871651931]
          ],
          "cm_mean_normalized": [
            [0.749422632794457, 0.16743648960739, 0.0831408775981524],
            [0.228260869565217, 0.56304347826087, 0.208695652173913],
            [0.083080040526849, 0.124620060790274, 0.792299898682877]
          ],
          "cm_std_normalized": [
            [0.0767485867422973, 0.0964393365386262, 0.0198332148236925],
            [0.0614875461901346, 0.100330267471429, 0.0371796334271458],
            [0.0473325577580469, 0.0719636914167366, 0.0609589015460641]
          ]
        },
        "cv_val_oof_ens_acc": 0.730652831820147,
        "cv_val_oof_ens_f1": 0.69829635633732,
        "cv_val_oof_ens_confusion": {
          "cm_mean": [
            [649, 145, 72],
            [105, 259, 96],
            [82, 123, 782]
          ],
          "cm_std": [
            [0, 0, 0],
            [0, 0, 0],
            [0, 0, 0]
          ],
          "cm_mean_normalized": [
            [0.749422632794457, 0.16743648960739, 0.0831408775981524],
            [0.228260869565217, 0.56304347826087, 0.208695652173913],
            [0.083080040526849, 0.124620060790274, 0.792299898682877]
          ],
          "cm_std_normalized": [
            [0, 0, 0],
            [0, 0, 0],
            [0, 0, 0]
          ]
        },
        "cv_test_ens_acc": 0.763322884012539,
        "cv_test_ens_f1": 0.710049602985267,
        "cv_test_ens_confusion": {
          "cm_mean": [
            [102, 11, 15],
            [54, 81, 34],
            [18, 19, 304]
          ],
          "cm_std": [
            [0, 0, 0],
            [0, 0, 0],
            [0, 0, 0]
          ],
          "cm_mean_normalized": [
            [0.796875, 0.0859375, 0.1171875],
            [0.319526627218935, 0.479289940828402, 0.201183431952663],
            [0.0527859237536657, 0.0557184750733138, 0.891495601173021]
          ],
          "cm_std_normalized": [
            [0, 0, 0],
            [0, 0, 0],
            [0, 0, 0]
          ]
        },
        "full_test_acc": 0.739811912225705,
        "full_test_f1": 0.675072055919933
      },
      {
        "fusion_method": "sent",
        "seed": 44,
        "cv_val_acc_folds": [0.719827586206897, 0.725910064239829, 0.723926380368098, 0.796875, 0.755056179775281],
        "cv_val_f1_folds": [0.682185109085694, 0.69093385876572, 0.699793261716818, 0.769489022563952, 0.703142652924766],
        "cv_test_acc_folds": [0.760188087774295, 0.768025078369906, 0.775862068965517, 0.775862068965517, 0.755485893416928],
        "cv_test_f1_folds": [0.708510276431769, 0.726239933670274, 0.738959555558025, 0.725323888290248, 0.696680392610489],
        "cv_val_f1_mean": 0.70910878101139,
        "cv_val_f1_std": 0.034725203608539,
        "cv_test_f1_mean": 0.719142809312161,
        "cv_test_f1_std": 0.016574749340435,
        "cv_val_confusion": {
          "cm_mean": [
            [132.4, 26.6, 14.2],
            [21.4, 51.2, 19.4],
            [15.8, 21.2, 160.4]
          ],
          "cm_std": [
            [10.1636607578175, 12.9730489862638, 5.49545266561364],
            [5.41294744108974, 10.4737767782209, 4.03732584763727],
            [3.83405790253616, 5.71839138219832, 7.79743547584717]
          ],
          "cm_mean_normalized": [
            [0.764434180138568, 0.153579676674365, 0.081986143187067],
            [0.232608695652174, 0.556521739130435, 0.210869565217391],
            [0.0800405268490375, 0.107396149949341, 0.812563323201621]
          ],
          "cm_std_normalized": [
            [0.0586816440982536, 0.0749021304056801, 0.0317289414873766],
            [0.0588363852292363, 0.113845399763271, 0.0438839766047529],
            [0.0194227857271336, 0.0289685480354525, 0.0395006863011508]
          ]
        },
        "cv_val_oof_ens_acc": 0.743623000432339,
        "cv_val_oof_ens_f1": 0.709403200557534,
        "cv_val_oof_ens_confusion": {
          "cm_mean": [
            [662, 133, 71],
            [107, 256, 97],
            [79, 106, 802]
          ],
          "cm_std": [
            [0, 0, 0],
            [0, 0, 0],
            [0, 0, 0]
          ],
          "cm_mean_normalized": [
            [0.764434180138568, 0.153579676674365, 0.081986143187067],
            [0.232608695652174, 0.556521739130435, 0.210869565217391],
            [0.0800405268490375, 0.107396149949341, 0.812563323201621]
          ],
          "cm_std_normalized": [
            [0, 0, 0],
            [0, 0, 0],
            [0, 0, 0]
          ]
        },
        "cv_test_ens_acc": 0.774294670846395,
        "cv_test_ens_f1": 0.720652540098555,
        "cv_test_ens_confusion": {
          "cm_mean": [
            [106, 11, 11],
            [53, 80, 36],
            [18, 15, 308]
          ],
          "cm_std": [
            [0, 0, 0],
            [0, 0, 0],
            [0, 0, 0]
          ],
          "cm_mean_normalized": [
            [0.828125, 0.0859375, 0.0859375],
            [0.313609467455621, 0.473372781065089, 0.21301775147929],
            [0.0527859237536657, 0.0439882697947214, 0.903225806451613]
          ],
          "cm_std_normalized": [
            [0, 0, 0],
            [0, 0, 0],
            [0, 0, 0]
          ]
        },
        "full_test_acc": 0.766457680250784,
        "full_test_f1": 0.71221616296247
      }
    ],
    "term": [
      {
        "fusion_method": "term",
        "seed": 42,
        "cv_val_acc_folds": [0.411637931034483, 0.5203426124197, 0.503067484662577, 0.529017857142857, 0.447191011235955],
        "cv_val_f1_folds": [0.34122783634234, 0.4834226497749, 0.486170787338476, 0.491809273072985, 0.404183566881425],
        "cv_test_acc_folds": [0.543887147335423, 0.53448275862069, 0.525078369905956, 0.56269592476489, 0.5141065830721],
        "cv_test_f1_folds": [0.405671427850798, 0.441762715411706, 0.480277466071415, 0.495356030702607, 0.396084030584576],
        "cv_val_f1_mean": 0.441362822682025,
        "cv_val_f1_std": 0.0665787872747753,
        "cv_test_f1_mean": 0.44383033412422,
        "cv_test_f1_std": 0.0439413743295775,
        "cv_val_confusion": {
          "cm_mean": [
            [42.6, 73, 57.6],
            [13.2, 52.6, 26.2],
            [20.4, 49, 128]
          ],
          "cm_std": [
            [31.3257082920722, 29.2232783924049, 12.3409886151799],
            [9.75704873412037, 14.0819032804518, 6.79705818718657],
            [13.6674796506159, 23.388031127053, 13.7840487520902]
          ],
          "cm_mean_normalized": [
            [0.245958429561201, 0.421478060046189, 0.33256351039261],
            [0.143478260869565, 0.571739130434783, 0.284782608695652],
            [0.103343465045593, 0.24822695035461, 0.648429584599797]
          ],
          "cm_std_normalized": [
            [0.180864366582403, 0.168725625822199, 0.0712528211038101],
            [0.106054877544787, 0.153064166091868, 0.073881067252028],
            [0.0692374855654301, 0.118480400846266, 0.0698280078626658]
          ]
        },
        "cv_val_oof_ens_acc": 0.482490272373541,
        "cv_val_oof_ens_f1": 0.453943161861521,
        "cv_val_oof_ens_confusion": {
          "cm_mean": [
            [213, 365, 288],
            [66, 263, 131],
            [102, 245, 640]
          ],
          "cm_std": [
            [0, 0, 0],
            [0, 0, 0],
            [0, 0, 0]
          ],
          "cm_mean_normalized": [
            [0.245958429561201, 0.421478060046189, 0.33256351039261],
            [0.143478260869565, 0.571739130434783, 0.284782608695652],
            [0.103343465045593, 0.24822695035461, 0.648429584599797]
          ],
          "cm_std_normalized": [
            [0, 0, 0],
            [0, 0, 0],
            [0, 0, 0]
          ]
        },
        "cv_test_ens_acc": 0.570532915360502,
        "cv_test_ens_f1": 0.492001861768109,
        "cv_test_ens_confusion": {
          "cm_mean": [
            [30, 43, 55],
            [28, 92, 49],
            [35, 64, 242]
          ],
          "cm_std": [
            [0, 0, 0],
            [0, 0, 0],
            [0, 0, 0]
          ],
          "cm_mean_normalized": [
            [0.234375, 0.3359375, 0.4296875],
            [0.165680473372781, 0.544378698224852, 0.289940828402367],
            [0.102639296187683, 0.187683284457478, 0.709677419354839]
          ],
          "cm_std_normalized": [
            [0, 0, 0],
            [0, 0, 0],
            [0, 0, 0]
          ]
        },
        "full_test_acc": 0.550156739811912,
        "full_test_f1": 0.483750302185021
      },
      {
        "fusion_method": "term",
        "seed": 43,
        "cv_val_acc_folds": [0.525862068965517, 0.468950749464668, 0.523517382413088, 0.524553571428571, 0.539325842696629],
        "cv_val_f1_folds": [0.499645606390704, 0.463861022103097, 0.498915699272609, 0.500752691627832, 0.517123163747656],
        "cv_test_acc_folds": [0.547021943573668, 0.510971786833856, 0.556426332288401, 0.557993730407524, 0.481191222570533],
        "cv_test_f1_folds": [0.462464901508786, 0.4682467374057, 0.507376251119679, 0.488008100679879, 0.452517822618847],
        "cv_val_f1_mean": 0.49605963662838,
        "cv_val_f1_std": 0.0195157884176131,
        "cv_test_f1_mean": 0.475722762666578,
        "cv_test_f1_std": 0.0219260344120351,
        "cv_val_confusion": {
          "cm_mean": [
            [75, 55.4, 42.8],
            [22.2, 47.2, 22.6],
            [34.6, 46.2, 116.6]
          ],
          "cm_std": [
            [20.3346994076628, 14.9766484902331, 5.44977063737549],
            [11.3004424692133, 8.16700679563817, 13.1263094584883],
            [13.0115333454593, 8.92748564826626, 18.5418445684349]
          ],
          "cm_mean_normalized": [
            [0.433025404157044, 0.31986143187067, 0.247113163972286],
            [0.241304347826087, 0.51304347826087, 0.245652173913044],
            [0.175278622087133, 0.234042553191489, 0.590678824721378]
          ],
          "cm_std_normalized": [
            [0.117405885725536, 0.0864702568720153, 0.0314651884375028],
            [0.122830896404493, 0.088771812996067, 0.142677276722699],
            [0.0659145559547078, 0.0452253578939527, 0.0939303169626896]
          ]
        },
        "cv_val_oof_ens_acc": 0.51621271076524,
        "cv_val_oof_ens_f1": 0.499494858245789,
        "cv_val_oof_ens_confusion": {
          "cm_mean": [
            [375, 277, 214],
            [111, 236, 113],
            [173, 231, 583]
          ],
          "cm_std": [
            [0, 0, 0],
            [0, 0, 0],
            [0, 0, 0]
          ],
          "cm_mean_normalized": [
            [0.433025404157044, 0.31986143187067, 0.247113163972286],
            [0.241304347826087, 0.51304347826087, 0.245652173913043],
            [0.175278622087133, 0.234042553191489, 0.590678824721378]
          ],
          "cm_std_normalized": [
            [0, 0, 0],
            [0, 0, 0],
            [0, 0, 0]
          ]
        },
        "cv_test_ens_acc": 0.536050156739812,
        "cv_test_ens_f1": 0.487312050440599,
        "cv_test_ens_confusion": {
          "cm_mean": [
            [44, 50, 34],
            [41, 89, 39],
            [63, 69, 209]
          ],
          "cm_std": [
            [0, 0, 0],
            [0, 0, 0],
            [0, 0, 0]
          ],
          "cm_mean_normalized": [
            [0.34375, 0.390625, 0.265625],
            [0.242603550295858, 0.526627218934911, 0.230769230769231],
            [0.18475073313783, 0.202346041055718, 0.612903225806452]
          ],
          "cm_std_normalized": [
            [0, 0, 0],
            [0, 0, 0],
            [0, 0, 0]
          ]
        },
        "full_test_acc": 0.539184952978057,
        "full_test_f1": 0.466587301587302
      },
      {
        "fusion_method": "term",
        "seed": 44,
        "cv_val_acc_folds": [0.484913793103448, 0.471092077087794, 0.554192229038855, 0.513392857142857, 0.458426966292135],
        "cv_val_f1_folds": [0.471180179495956, 0.434062225885807, 0.528298687945891, 0.497880291671866, 0.439368855832831],
        "cv_test_acc_folds": [0.518808777429467, 0.553291536050157, 0.556426332288401, 0.518808777429467, 0.540752351097179],
        "cv_test_f1_folds": [0.460574365854511, 0.454398636415388, 0.505712829880611, 0.452259658814537, 0.467308881010817],
        "cv_val_f1_mean": 0.47415804816647,
        "cv_val_f1_std": 0.0397516800967665,
        "cv_test_f1_mean": 0.468050874395173,
        "cv_test_f1_std": 0.0218553066582179,
        "cv_val_confusion": {
          "cm_mean": [
            [55.4, 69.8, 48],
            [17.2, 54.2, 20.6],
            [23.6, 53.4, 120.4]
          ],
          "cm_std": [
            [25.5792884967507, 20.4132310034448, 15.2807067899361],
            [7.98122797569397, 7.69415362466854, 6.8044103344816],
            [9.4233751915118, 10.7377837564369, 11.8025420990565]
          ],
          "cm_mean_normalized": [
            [0.31986143187067, 0.403002309468822, 0.277136258660508],
            [0.18695652173913, 0.589130434782609, 0.223913043478261],
            [0.119554204660588, 0.270516717325228, 0.609929078014184]
          ],
          "cm_std_normalized": [
            [0.147686423191401, 0.11785930140557, 0.0882257897802317],
            [0.0867524779966735, 0.0836321046159624, 0.0739609818965391],
            [0.0477374629762502, 0.0543960676617877, 0.0597899802383812]
          ]
        },
        "cv_val_oof_ens_acc": 0.497189796800692,
        "cv_val_oof_ens_f1": 0.478949463649764,
        "cv_val_oof_ens_confusion": {
          "cm_mean": [
            [277, 349, 240],
            [86, 271, 103],
            [118, 267, 602]
          ],
          "cm_std": [
            [0, 0, 0],
            [0, 0, 0],
            [0, 0, 0]
          ],
          "cm_mean_normalized": [
            [0.31986143187067, 0.403002309468822, 0.277136258660508],
            [0.18695652173913, 0.589130434782609, 0.223913043478261],
            [0.119554204660588, 0.270516717325228, 0.609929078014184]
          ],
          "cm_std_normalized": [
            [0, 0, 0],
            [0, 0, 0],
            [0, 0, 0]
          ]
        },
        "cv_test_ens_acc": 0.565830721003135,
        "cv_test_ens_f1": 0.484890614762612,
        "cv_test_ens_confusion": {
          "cm_mean": [
            [26, 55, 47],
            [27, 101, 41],
            [23, 84, 234]
          ],
          "cm_std": [
            [0, 0, 0],
            [0, 0, 0],
            [0, 0, 0]
          ],
          "cm_mean_normalized": [
            [0.203125, 0.4296875, 0.3671875],
            [0.159763313609467, 0.597633136094675, 0.242603550295858],
            [0.0674486803519062, 0.24633431085044, 0.686217008797654]
          ],
          "cm_std_normalized": [
            [0, 0, 0],
            [0, 0, 0],
            [0, 0, 0]
          ]
        },
        "full_test_acc": 0.554858934169279,
        "full_test_f1": 0.487112277303176
      }
    ],
    "concat": [
      {
        "fusion_method": "concat",
        "seed": 42,
        "cv_val_acc_folds": [0.711206896551724, 0.691648822269807, 0.732106339468303, 0.78125, 0.743820224719101],
        "cv_val_f1_folds": [0.695630187930845, 0.656504194523798, 0.706021206541594, 0.756030114041598, 0.685176596652007],
        "cv_test_acc_folds": [0.72884012539185, 0.789968652037618, 0.782131661442006, 0.753918495297806, 0.753918495297806],
        "cv_test_f1_folds": [0.689506111930254, 0.746505518276614, 0.744240108978915, 0.715878265055369, 0.690563425730466],
        "cv_val_f1_mean": 0.699872459937968,
        "cv_val_f1_std": 0.0364220431667228,
        "cv_test_f1_mean": 0.717338685994324,
        "cv_test_f1_std": 0.0276951721177507,
        "cv_val_confusion": {
          "cm_mean": [
            [126, 34, 13.2],
            [18.4, 54.8, 18.8],
            [15.2, 24.6, 157.6]
          ],
          "cm_std": [
            [14.6116391962025, 16.140012391569, 4.20713679359253],
            [8.47348806572595, 13.5535973084639, 5.49545266561364],
            [2.68328157299975, 13.0881625906771, 13.7586336530922]
          ],
          "cm_mean_normalized": [
            [0.727482678983834, 0.196304849884527, 0.0762124711316397],
            [0.2, 0.595652173913044, 0.204347826086957],
            [0.0770010131712259, 0.124620060790274, 0.798378926038501]
          ],
          "cm_std_normalized": [
            [0.0843628129110997, 0.0931871385194514, 0.024290628138525],
            [0.0921031311491951, 0.147321709874608, 0.0597331811479743],
            [0.013593118404254, 0.0663027486863076, 0.0696992586276199]
          ]
        },
        "cv_val_oof_ens_acc": 0.731517509727626,
        "cv_val_oof_ens_f1": 0.701758270662819,
        "cv_val_oof_ens_confusion": {
          "cm_mean": [
            [630, 170, 66],
            [92, 274, 94],
            [76, 123, 788]
          ],
          "cm_std": [
            [0, 0, 0],
            [0, 0, 0],
            [0, 0, 0]
          ],
          "cm_mean_normalized": [
            [0.727482678983834, 0.196304849884527, 0.0762124711316397],
            [0.2, 0.595652173913044, 0.204347826086957],
            [0.0770010131712259, 0.124620060790274, 0.798378926038501]
          ],
          "cm_std_normalized": [
            [0, 0, 0],
            [0, 0, 0],
            [0, 0, 0]
          ]
        },
        "cv_test_ens_acc": 0.775862068965517,
        "cv_test_ens_f1": 0.732410349533275,
        "cv_test_ens_confusion": {
          "cm_mean": [
            [101, 17, 10],
            [47, 97, 25],
            [19, 25, 297]
          ],
          "cm_std": [
            [0, 0, 0],
            [0, 0, 0],
            [0, 0, 0]
          ],
          "cm_mean_normalized": [
            [0.7890625, 0.1328125, 0.078125],
            [0.27810650887574, 0.57396449704142, 0.14792899408284],
            [0.0557184750733138, 0.0733137829912024, 0.870967741935484]
          ],
          "cm_std_normalized": [
            [0, 0, 0],
            [0, 0, 0],
            [0, 0, 0]
          ]
        },
        "full_test_acc": 0.755485893416928,
        "full_test_f1": 0.704486643855674
      },
      {
        "fusion_method": "concat",
        "seed": 43,
        "cv_val_acc_folds": [0.728448275862069, 0.721627408993576, 0.70961145194274, 0.783482142857143, 0.734831460674157],
        "cv_val_f1_folds": [0.696906823035245, 0.692075196304214, 0.683960805369834, 0.753792070389463, 0.701470344466348],
        "cv_test_acc_folds": [0.749216300940439, 0.744514106583072, 0.744514106583072, 0.744514106583072, 0.749216300940439],
        "cv_test_f1_folds": [0.707620463476235, 0.698990437440905, 0.706747577564177, 0.692474508241203, 0.706043448638719],
        "cv_val_f1_mean": 0.705641047913021,
        "cv_val_f1_std": 0.0276869448638979,
        "cv_test_f1_mean": 0.702375287072248,
        "cv_test_f1_std": 0.00651089159448547,
        "cv_val_confusion": {
          "cm_mean": [
            [134.8, 25.6, 12.8],
            [20.4, 52.8, 18.8],
            [15.8, 29.2, 152.4]
          ],
          "cm_std": [
            [4.86826457785523, 10.3826778819339, 5.26307894677631],
            [4.39317652729776, 3.70135110466435, 3.27108544675923],
            [3.19374388453426, 12.0706255016051, 9.09945053286186]
          ],
          "cm_mean_normalized": [
            [0.778290993071594, 0.147806004618938, 0.0739030023094688],
            [0.221739130434783, 0.573913043478261, 0.204347826086957],
            [0.0800405268490375, 0.147922998986829, 0.772036474164134]
          ],
          "cm_std_normalized": [
            [0.0281077631515891, 0.0599461771474245, 0.0303872918405099],
            [0.0477519187749757, 0.0402320772246125, 0.035555276595209],
            [0.0161790470341148, 0.0611480521864495, 0.046096507258672]
          ]
        },
        "cv_val_oof_ens_acc": 0.734976221357544,
        "cv_val_oof_ens_f1": 0.703828215120962,
        "cv_val_oof_ens_confusion": {
          "cm_mean": [
            [674, 128, 64],
            [102, 264, 94],
            [79, 146, 762]
          ],
          "cm_std": [
            [0, 0, 0],
            [0, 0, 0],
            [0, 0, 0]
          ],
          "cm_mean_normalized": [
            [0.778290993071594, 0.147806004618938, 0.0739030023094688],
            [0.221739130434783, 0.573913043478261, 0.204347826086957],
            [0.0800405268490375, 0.147922998986829, 0.772036474164134]
          ],
          "cm_std_normalized": [
            [0, 0, 0],
            [0, 0, 0],
            [0, 0, 0]
          ]
        },
        "cv_test_ens_acc": 0.766457680250784,
        "cv_test_ens_f1": 0.720280311165874,
        "cv_test_ens_confusion": {
          "cm_mean": [
            [106, 11, 11],
            [58, 89, 22],
            [22, 25, 294]
          ],
          "cm_std": [
            [0, 0, 0],
            [0, 0, 0],
            [0, 0, 0]
          ],
          "cm_mean_normalized": [
            [0.828125, 0.0859375, 0.0859375],
            [0.343195266272189, 0.526627218934911, 0.130177514792899],
            [0.0645161290322581, 0.0733137829912024, 0.86217008797654]
          ],
          "cm_std_normalized": [
            [0, 0, 0],
            [0, 0, 0],
            [0, 0, 0]
          ]
        },
        "full_test_acc": 0.74294670846395,
        "full_test_f1": 0.686866285935266
      },
      {
        "fusion_method": "concat",
        "seed": 44,
        "cv_val_acc_folds": [0.709051724137931, 0.723768736616702, 0.70961145194274, 0.792410714285714, 0.746067415730337],
        "cv_val_f1_folds": [0.672436917468668, 0.691658859394087, 0.680626201987886, 0.768125055405185, 0.704656954029284],
        "cv_test_acc_folds": [0.774294670846395, 0.760188087774295, 0.763322884012539, 0.716300940438872, 0.752351097178683],
        "cv_test_f1_folds": [0.728742120629161, 0.710111351060075, 0.726510803938069, 0.662898169285031, 0.700313757953301],
        "cv_val_f1_mean": 0.703500797657022,
        "cv_val_f1_std": 0.0380988013862121,
        "cv_test_f1_mean": 0.705715240573127,
        "cv_test_f1_std": 0.0266669085964983,
        "cv_val_confusion": {
          "cm_mean": [
            [127.8, 29.8, 15.6],
            [21.8, 51.6, 18.6],
            [16, 20.6, 160.8]
          ],
          "cm_std": [
            [9.83361581515162, 15.4499190936393, 5.3665631459995],
            [4.96990945591567, 6.26897120746299, 5.12835256198323],
            [2.34520787991172, 6.02494813255683, 8.10555365166378]
          ],
          "cm_mean_normalized": [
            [0.737875288683603, 0.172055427251732, 0.0900692840646651],
            [0.23695652173913, 0.560869565217391, 0.202173913043478],
            [0.0810536980749747, 0.10435663627153, 0.814589665653495]
          ],
          "cm_std_normalized": [
            [0.0567760728357484, 0.0892027661295571, 0.0309847756697431],
            [0.0540207549556051, 0.0681409913854673, 0.0557429626302525],
            [0.0118804857138385, 0.0305215204283527, 0.041061568650779]
          ]
        },
        "cv_val_oof_ens_acc": 0.735408560311284,
        "cv_val_oof_ens_f1": 0.701986006373684,
        "cv_val_oof_ens_confusion": {
          "cm_mean": [
            [639, 149, 78],
            [109, 258, 93],
            [80, 103, 804]
          ],
          "cm_std": [
            [0, 0, 0],
            [0, 0, 0],
            [0, 0, 0]
          ],
          "cm_mean_normalized": [
            [0.737875288683603, 0.172055427251732, 0.0900692840646651],
            [0.23695652173913, 0.560869565217391, 0.202173913043478],
            [0.0810536980749747, 0.10435663627153, 0.814589665653495]
          ],
          "cm_std_normalized": [
            [0, 0, 0],
            [0, 0, 0],
            [0, 0, 0]
          ]
        },
        "cv_test_ens_acc": 0.760188087774295,
        "cv_test_ens_f1": 0.712841416212392,
        "cv_test_ens_confusion": {
          "cm_mean": [
            [104, 14, 10],
            [54, 87, 28],
            [24, 23, 294]
          ],
          "cm_std": [
            [0, 0, 0],
            [0, 0, 0],
            [0, 0, 0]
          ],
          "cm_mean_normalized": [
            [0.8125, 0.109375, 0.078125],
            [0.319526627218935, 0.514792899408284, 0.165680473372781],
            [0.0703812316715543, 0.0674486803519062, 0.86217008797654]
          ],
          "cm_std_normalized": [
            [0, 0, 0],
            [0, 0, 0],
            [0, 0, 0]
          ]
        },
        "full_test_acc": 0.74294670846395,
        "full_test_f1": 0.686452165739727
      }
    ],
    "add": [
      {
        "fusion_method": "add",
        "seed": 42,
        "cv_val_acc_folds": [0.71551724137931, 0.732334047109208, 0.695296523517382, 0.772321428571429, 0.710112359550562],
        "cv_val_f1_folds": [0.695193534171372, 0.693746271620307, 0.669144503718703, 0.745474057279454, 0.681438018536434],
        "cv_test_acc_folds": [0.755485893416928, 0.778996865203762, 0.772727272727273, 0.774294670846395, 0.775862068965517],
        "cv_test_f1_folds": [0.717396361163543, 0.731291033774319, 0.732472797782158, 0.73308969043631, 0.738129580255547],
        "cv_val_f1_mean": 0.696999277065254,
        "cv_val_f1_std": 0.0290761424273714,
        "cv_test_f1_mean": 0.730475892682376,
        "cv_test_f1_std": 0.00776429491157493,
        "cv_val_confusion": {
          "cm_mean": [
            [120.4, 39, 13.8],
            [17.4, 57, 17.6],
            [10.8, 28.8, 157.8]
          ],
          "cm_std": [
            [9.88938825206089, 11, 3.70135110466435],
            [5.31977443130815, 6.6332495807108, 4.61519230368573],
            [3.56370593624109, 9.44457516249408, 12.214745187682]
          ],
          "cm_mean_normalized": [
            [0.695150115473441, 0.225173210161663, 0.0796766743648961],
            [0.189130434782609, 0.619565217391304, 0.191304347826087],
            [0.0547112462006079, 0.145896656534954, 0.799392097264438]
          ],
          "cm_std_normalized": [
            [0.0570980845961945, 0.0635103926096998, 0.0213703874403253],
            [0.0578236351229147, 0.0721005389207696, 0.0501651337357145],
            [0.018053221561505, 0.0478448589792, 0.0618781417815703]
          ]
        },
        "cv_val_oof_ens_acc": 0.724600086467791,
        "cv_val_oof_ens_f1": 0.696822922779695,
        "cv_val_oof_ens_confusion": {
          "cm_mean": [
            [602, 195, 69],
            [87, 285, 88],
            [54, 144, 789]
          ],
          "cm_std": [
            [0, 0, 0],
            [0, 0, 0],
            [0, 0, 0]
          ],
          "cm_mean_normalized": [
            [0.695150115473441, 0.225173210161663, 0.0796766743648961],
            [0.189130434782609, 0.619565217391304, 0.191304347826087],
            [0.0547112462006079, 0.145896656534954, 0.799392097264438]
          ],
          "cm_std_normalized": [
            [0, 0, 0],
            [0, 0, 0],
            [0, 0, 0]
          ]
        },
        "cv_test_ens_acc": 0.793103448275862,
        "cv_test_ens_f1": 0.751702428625506,
        "cv_test_ens_confusion": {
          "cm_mean": [
            [93, 25, 10],
            [35, 111, 23],
            [14, 25, 302]
          ],
          "cm_std": [
            [0, 0, 0],
            [0, 0, 0],
            [0, 0, 0]
          ],
          "cm_mean_normalized": [
            [0.7265625, 0.1953125, 0.078125],
            [0.207100591715976, 0.656804733727811, 0.136094674556213],
            [0.0410557184750733, 0.0733137829912024, 0.885630498533724]
          ],
          "cm_std_normalized": [
            [0, 0, 0],
            [0, 0, 0],
            [0, 0, 0]
          ]
        },
        "full_test_acc": 0.741379310344828,
        "full_test_f1": 0.68429088215684
      },
      {
        "fusion_method": "add",
        "seed": 43,
        "cv_val_acc_folds": [0.719827586206897, 0.674518201284797, 0.734151329243354, 0.741071428571429, 0.752808988764045],
        "cv_val_f1_folds": [0.693086819094884, 0.65889701066771, 0.701234567901235, 0.717506021000293, 0.716782030946941],
        "cv_test_acc_folds": [0.727272727272727, 0.730407523510972, 0.763322884012539, 0.769592476489028, 0.738244514106583],
        "cv_test_f1_folds": [0.67797434763379, 0.700188757081396, 0.711029309512708, 0.73198684962241, 0.689695047512714],
        "cv_val_f1_mean": 0.697501289922212,
        "cv_val_f1_std": 0.0239564789455929,
        "cv_test_f1_mean": 0.702174862272604,
        "cv_test_f1_std": 0.0206912489033887,
        "cv_val_confusion": {
          "cm_mean": [
            [127, 32.8, 13.4],
            [20.2, 57.4, 14.4],
            [18, 28.8, 150.6]
          ],
          "cm_std": [
            [14.9164338901763, 13.9534941860453, 5.72712842531054],
            [7.39594483484024, 7.02139587261678, 6.308724118235],
            [10.0747208398049, 13.2551876637036, 23.2012930674133]
          ],
          "cm_mean_normalized": [
            [0.733256351039261, 0.189376443418014, 0.0773672055427252],
            [0.219565217391304, 0.623913043478261, 0.156521739130435],
            [0.0911854103343465, 0.145896656534954, 0.762917933130699]
          ],
          "cm_std_normalized": [
            [0.0861225975183389, 0.0805628994575364, 0.0330665613470586],
            [0.0803907047265243, 0.0763195203545303, 0.0685730882416848],
            [0.0510370863212003, 0.06714887367631, 0.117534412702195]
          ]
        },
        "cv_val_oof_ens_acc": 0.724167747514051,
        "cv_val_oof_ens_f1": 0.698719000089921,
        "cv_val_oof_ens_confusion": {
          "cm_mean": [
            [635, 164, 67],
            [101, 287, 72],
            [90, 144, 753]
          ],
          "cm_std": [
            [0, 0, 0],
            [0, 0, 0],
            [0, 0, 0]
          ],
          "cm_mean_normalized": [
            [0.733256351039261, 0.189376443418014, 0.0773672055427252],
            [0.219565217391304, 0.623913043478261, 0.156521739130435],
            [0.0911854103343465, 0.145896656534954, 0.762917933130699]
          ],
          "cm_std_normalized": [
            [0, 0, 0],
            [0, 0, 0],
            [0, 0, 0]
          ]
        },
        "cv_test_ens_acc": 0.75705329153605,
        "cv_test_ens_f1": 0.713758001819069,
        "cv_test_ens_confusion": {
          "cm_mean": [
            [106, 13, 9],
            [55, 90, 24],
            [27, 27, 287]
          ],
          "cm_std": [
            [0, 0, 0],
            [0, 0, 0],
            [0, 0, 0]
          ],
          "cm_mean_normalized": [
            [0.828125, 0.1015625, 0.0703125],
            [0.325443786982249, 0.532544378698225, 0.142011834319527],
            [0.0791788856304985, 0.0791788856304985, 0.841642228739003]
          ],
          "cm_std_normalized": [
            [0, 0, 0],
            [0, 0, 0],
            [0, 0, 0]
          ]
        },
        "full_test_acc": 0.738244514106583,
        "full_test_f1": 0.669076082841133
      },
      {
        "fusion_method": "add",
        "seed": 44,
        "cv_val_acc_folds": [0.732758620689655, 0.700214132762313, 0.719836400817996, 0.774553571428571, 0.750561797752809],
        "cv_val_f1_folds": [0.690741095978004, 0.666100444136236, 0.686380725705259, 0.742755232962251, 0.707240955925167],
        "cv_test_acc_folds": [0.744514106583072, 0.766457680250784, 0.761755485893417, 0.774294670846395, 0.75705329153605],
        "cv_test_f1_folds": [0.685748771262101, 0.715501749091159, 0.713221658180674, 0.731177919642892, 0.703220310627316],
        "cv_val_f1_mean": 0.698643690941383,
        "cv_val_f1_std": 0.0286863876290588,
        "cv_test_f1_mean": 0.709774081760828,
        "cv_test_f1_std": 0.016755474425766,
        "cv_val_confusion": {
          "cm_mean": [
            [120.8, 32.4, 20],
            [18.6, 50.4, 23],
            [9.8, 18.8, 168.8]
          ],
          "cm_std": [
            [10.7796103825695, 12.2188379152847, 3.46410161513775],
            [5.85662018573853, 5.50454357780915, 3.80788655293195],
            [5.54075807087803, 4.60434577328854, 5.67450438364444]
          ],
          "cm_mean_normalized": [
            [0.697459584295612, 0.187066974595843, 0.115473441108545],
            [0.202173913043478, 0.547826086956522, 0.25],
            [0.049645390070922, 0.0952380952380952, 0.855116514690983]
          ],
          "cm_std_normalized": [
            [0.062237935234235, 0.0705475630212745, 0.0200005866924813],
            [0.0636589150623753, 0.0598319954109691, 0.0413900712275212],
            [0.0280686832364642, 0.0233249532588072, 0.0287462228148148]
          ]
        },
        "cv_val_oof_ens_acc": 0.734976221357544,
        "cv_val_oof_ens_f1": 0.698355082519305,
        "cv_val_oof_ens_confusion": {
          "cm_mean": [
            [604, 162, 100],
            [93, 252, 115],
            [49, 94, 844]
          ],
          "cm_std": [
            [0, 0, 0],
            [0, 0, 0],
            [0, 0, 0]
          ],
          "cm_mean_normalized": [
            [0.697459584295612, 0.187066974595843, 0.115473441108545],
            [0.202173913043478, 0.547826086956522, 0.25],
            [0.049645390070922, 0.0952380952380952, 0.855116514690983]
          ],
          "cm_std_normalized": [
            [0, 0, 0],
            [0, 0, 0],
            [0, 0, 0]
          ]
        },
        "cv_test_ens_acc": 0.782131661442006,
        "cv_test_ens_f1": 0.736390788787133,
        "cv_test_ens_confusion": {
          "cm_mean": [
            [93, 18, 17],
            [33, 95, 41],
            [11, 19, 311]
          ],
          "cm_std": [
            [0, 0, 0],
            [0, 0, 0],
            [0, 0, 0]
          ],
          "cm_mean_normalized": [
            [0.7265625, 0.140625, 0.1328125],
            [0.195266272189349, 0.562130177514793, 0.242603550295858],
            [0.032258064516129, 0.0557184750733138, 0.912023460410557]
          ],
          "cm_std_normalized": [
            [0, 0, 0],
            [0, 0, 0],
            [0, 0, 0]
          ]
        },
        "full_test_acc": 0.735109717868339,
        "full_test_f1": 0.675654477349393
      }
    ],
    "mul": [
      {
        "fusion_method": "mul",
        "seed": 42,
        "cv_val_acc_folds": [0.696120689655172, 0.743040685224839, 0.738241308793456, 0.772321428571429, 0.725842696629214],
        "cv_val_f1_folds": [0.682782516108838, 0.708015799597668, 0.697418376991563, 0.736134969015461, 0.695784778696615],
        "cv_test_acc_folds": [0.75705329153605, 0.749216300940439, 0.746081504702194, 0.74294670846395, 0.752351097178683],
        "cv_test_f1_folds": [0.731820289466018, 0.705888168056843, 0.685272911079363, 0.6878109841598, 0.702844288768764],
        "cv_val_f1_mean": 0.704027288082029,
        "cv_val_f1_std": 0.0200609596106261,
        "cv_test_f1_mean": 0.702727328306158,
        "cv_test_f1_std": 0.0185981113298372,
        "cv_val_confusion": {
          "cm_mean": [
            [128.4, 30, 14.8],
            [18.4, 53.4, 20.2],
            [15.4, 23.8, 158.2]
          ],
          "cm_std": [
            [9.28977932999487, 10.0498756211209, 8.52642949891688],
            [4.39317652729776, 8.29457654133109, 7.04982269280583],
            [3.64691650576209, 15.5948709516943, 19.5243437789852]
          ],
          "cm_mean_normalized": [
            [0.741339491916859, 0.173210161662818, 0.0854503464203233],
