{
  "benchmark_type": "kfold_plus_full_multiseed",
  "methods": [
    "sent",
    "term",
    "concat",
    "add",
    "mul",
    "cross",
    "gated_concat",
    "bilinear",
    "coattn",
    "late_interaction"
  ],
  "seeds": [42, 43, 44],
  "k_folds": 5,
  "config": {
    "model_name": "roberta-base",
    "fusion_method": "concat",
    "epochs": 10,
    "train_batch_size": 16,
    "eval_batch_size": 32,
    "lr": 0.00002,
    "warmup_ratio": 0.1,
    "dropout": 0.1,
    "freeze_epochs": 3,
    "rolling_k": 3,
    "early_stop_patience": 5,
    "k_folds": 5,
    "seed": 42,
    "max_len_sent": 24,
    "max_len_term": 4,
    "output_dir": "/kaggle/working/A-MoE-ASC/saved_model",
    "output_name": "phase1_locked_baseline",
    "verbose_report": false,
    "train_full_only": false,
    "head_type": "linear",
    "do_ensemble_logits": true,
    "loss_type": "weighted_ce",
    "class_weights": "1.4,2.2,0.8",
    "focal_gamma": 2
  },
  "runs": {
    "sent": [
      {
        "fusion_method": "sent",
        "seed": 42,
        "cv_val_f1_folds": [0.688030829557408, 0.675268885300233, 0.674401462083237, 0.710763896849597, 0.679457641244879],
        "cv_test_f1_folds": [0.739822987875232, 0.720776423499732, 0.727092267289729, 0.702012597773547, 0.702988505747127],
        "cv_val_f1_mean": 0.685584543007071,
        "cv_val_f1_std": 0.0150747901800549,
        "cv_test_f1_mean": 0.718538556437073,
        "cv_test_f1_std": 0.0161718306492736,
        "cv_val_confusion": {
          "cm_mean": [
            [93.6, 26.4, 17.2],
            [23.2, 67.2, 21.4],
            [24.4, 47, 315.4]
          ],
          "cm_std": [
            [6.76756972627545, 6.87749954561976, 1.48323969741913],
            [6.01664358259653, 4.32434966208793, 4.61519230368573],
            [10.5498815159223, 8.27647267862342, 8.90505474435727]
          ],
          "cm_mean_normalized": [
            [0.682215743440233, 0.192419825072886, 0.12536443148688],
            [0.207513416815742, 0.601073345259392, 0.191413237924866],
            [0.063081695966908, 0.121509824198552, 0.81540847983454]
          ],
          "cm_std_normalized": [
            [0.0493263099582759, 0.0501275477085988, 0.0108107849666118],
            [0.0538161322235826, 0.0386793350812874, 0.0412807898361872],
            [0.0272747712407506, 0.0213972923439075, 0.0230223752439433]
          ]
        },
        "cv_val_oof_ens_acc": 0.748977665932683,
        "cv_val_oof_ens_f1": 0.685471262085907,
        "cv_val_oof_ens_confusion": {
          "cm_mean": [
            [468, 132, 86],
            [116, 336, 107],
            [122, 235, 1577]
          ],
          "cm_std": [
            [0, 0, 0],
            [0, 0, 0],
            [0, 0, 0]
          ],
          "cm_mean_normalized": [
            [0.682215743440233, 0.192419825072886, 0.12536443148688],
            [0.207513416815742, 0.601073345259392, 0.191413237924866],
            [0.063081695966908, 0.121509824198552, 0.81540847983454]
          ],
          "cm_std_normalized": [
            [0, 0, 0],
            [0, 0, 0],
            [0, 0, 0]
          ]
        },
        "cv_test_ens_acc": 0.813574660633484,
        "cv_test_ens_f1": 0.717628386433844,
        "cv_test_ens_confusion": {
          "cm_mean": [
            [151, 24, 17],
            [41, 85, 68],
            [20, 36, 663]
          ],
          "cm_std": [
            [0, 0, 0],
            [0, 0, 0],
            [0, 0, 0]
          ],
          "cm_mean_normalized": [
            [0.786458333333333, 0.125, 0.0885416666666667],
            [0.211340206185567, 0.438144329896907, 0.350515463917526],
            [0.0278164116828929, 0.0500695410292072, 0.9221140472879]
          ],
          "cm_std_normalized": [
            [0, 0, 0],
            [0, 0, 0],
            [0, 0, 0]
          ]
        },
        "full_test_acc": 0.827149321266968,
        "full_test_f1": 0.734733477355039
      },
      {
        "fusion_method": "sent",
        "seed": 43,
        "cv_val_f1_folds": [0.740438776654243, 0.67361653222309, 0.663497698994653, 0.708997633096805, 0.66910351028738],
        "cv_test_f1_folds": [0.690937798827774, 0.73154724060784, 0.706919076894968, 0.692427555072327, 0.7226504394351],
        "cv_val_f1_mean": 0.691130830251234,
        "cv_val_f1_std": 0.0328102103988095,
        "cv_test_f1_mean": 0.708896422167602,
        "cv_test_f1_std": 0.0180269118056736,
        "cv_val_confusion": {
          "cm_mean": [
            [96.2, 22.2, 18.8],
            [23.4, 61.8, 26.6],
            [24.6, 37.4, 324.8]
          ],
          "cm_std": [
            [2.58843582110896, 4.96990945591567, 5.26307894677631],
            [4.97995983919549, 4.32434966208793, 4.72228758124704],
            [7.76530746332687, 12.1983605455815, 19.1885382455256]
          ],
          "cm_mean_normalized": [
            [0.701166180758017, 0.161807580174927, 0.137026239067055],
            [0.209302325581395, 0.552772808586762, 0.237924865831843],
            [0.0635987590486039, 0.0966907962771458, 0.83971044467425]
          ],
          "cm_std_normalized": [
            [0.018866150299628, 0.0362238298536128, 0.0383606337228594],
            [0.0445434690446824, 0.0386793350812874, 0.0422387082401345],
            [0.0200757690365224, 0.0315366094766844, 0.049608423592362]
          ]
        },
        "cv_val_oof_ens_acc": 0.759358288770054,
        "cv_val_oof_ens_f1": 0.690621854331409,
        "cv_val_oof_ens_confusion": {
          "cm_mean": [
            [481, 111, 94],
            [117, 309, 133],
            [123, 187, 1624]
          ],
          "cm_std": [
            [0, 0, 0],
            [0, 0, 0],
            [0, 0, 0]
          ],
          "cm_mean_normalized": [
            [0.701166180758018, 0.161807580174927, 0.137026239067055],
            [0.209302325581395, 0.552772808586762, 0.237924865831843],
            [0.0635987590486039, 0.0966907962771458, 0.83971044467425]
          ],
          "cm_std_normalized": [
            [0, 0, 0],
            [0, 0, 0],
            [0, 0, 0]
          ]
        },
        "cv_test_ens_acc": 0.819909502262443,
        "cv_test_ens_f1": 0.72508031290934,
        "cv_test_ens_confusion": {
          "cm_mean": [
            [151, 24, 17],
            [37, 86, 71],
            [24, 26, 669]
          ],
          "cm_std": [
            [0, 0, 0],
            [0, 0, 0],
            [0, 0, 0]
          ],
          "cm_mean_normalized": [
            [0.786458333333333, 0.125, 0.0885416666666667],
            [0.190721649484536, 0.443298969072165, 0.365979381443299],
            [0.0333796940194715, 0.0361613351877608, 0.930458970792768]
          ],
          "cm_std_normalized": [
            [0, 0, 0],
            [0, 0, 0],
            [0, 0, 0]
          ]
        },
        "full_test_acc": 0.823529411764706,
        "full_test_f1": 0.732704652667612
      },
      {
        "fusion_method": "sent",
        "seed": 44,
        "cv_val_f1_folds": [0.676343099475228, 0.671479980486721, 0.682348768524601, 0.698403108624404, 0.697500582848966],
        "cv_test_f1_folds": [0.702970180625889, 0.721048111075277, 0.715119835474374, 0.691125380089517, 0.725495546675183],
        "cv_val_f1_mean": 0.685215107991984,
        "cv_val_f1_std": 0.0122519224796738,
        "cv_test_f1_mean": 0.711151810788048,
        "cv_test_f1_std": 0.014030517961925,
        "cv_val_confusion": {
          "cm_mean": [
            [93.6, 24.6, 19],
            [22.2, 62.2, 27.4],
            [22.6, 40.6, 323.6]
          ],
          "cm_std": [
            [3.20936130717624, 4.6690470119715, 5.78791845139511],
            [3.11448230047949, 3.56370593624109, 3.36154726279432],
            [3.36154726279432, 14.909728367747, 16.3340135912763]
          ],
          "cm_mean_normalized": [
            [0.682215743440233, 0.17930029154519, 0.138483965014577],
            [0.198568872987478, 0.556350626118068, 0.245080500894454],
            [0.0584281282316443, 0.104963805584281, 0.836608066184075]
          ],
          "cm_std_normalized": [
            [0.0233918462622175, 0.0340309548977515, 0.0421859945436962],
            [0.0278576234389936, 0.0318757239377557, 0.0300675068228472],
            [0.00869065993483537, 0.0385463504853852, 0.0422285770198457]
          ]
        },
        "cv_val_oof_ens_acc": 0.754010695187166,
        "cv_val_oof_ens_f1": 0.684830625555963,
        "cv_val_oof_ens_confusion": {
          "cm_mean": [
            [468, 123, 95],
            [111, 311, 137],
            [113, 203, 1618]
          ],
          "cm_std": [
            [0, 0, 0],
            [0, 0, 0],
            [0, 0, 0]
          ],
          "cm_mean_normalized": [
            [0.682215743440233, 0.17930029154519, 0.138483965014577],
            [0.198568872987478, 0.556350626118068, 0.245080500894454],
            [0.0584281282316443, 0.104963805584281, 0.836608066184075]
          ],
          "cm_std_normalized": [
            [0, 0, 0],
            [0, 0, 0],
            [0, 0, 0]
          ]
        },
        "cv_test_ens_acc": 0.827149321266968,
        "cv_test_ens_f1": 0.735804877513134,
        "cv_test_ens_confusion": {
          "cm_mean": [
            [148, 22, 22],
            [33, 89, 72],
            [16, 26, 677]
          ],
          "cm_std": [
            [0, 0, 0],
            [0, 0, 0],
            [0, 0, 0]
          ],
          "cm_mean_normalized": [
            [0.770833333333333, 0.114583333333333, 0.114583333333333],
            [0.170103092783505, 0.458762886597938, 0.371134020618557],
            [0.0222531293463143, 0.0361613351877608, 0.941585535465925]
          ],
          "cm_std_normalized": [
            [0, 0, 0],
            [0, 0, 0],
            [0, 0, 0]
          ]
        },
        "full_test_acc": 0.808144796380091,
        "full_test_f1": 0.708069342438012
      }
    ],
    "term": [
      {
        "fusion_method": "term",
        "seed": 42,
        "cv_val_f1_folds": [0.434402639949866, 0.462395773645383, 0.431803317469595, 0.446845992881799, 0.434920931429627],
        "cv_test_f1_folds": [0.437070650779588, 0.437294988373803, 0.457450947814593, 0.454251684007822, 0.46925933326967],
        "cv_val_f1_mean": 0.442073731075254,
        "cv_val_f1_std": 0.0127597950064661,
        "cv_test_f1_mean": 0.451065520849095,
        "cv_test_f1_std": 0.0138512100240039,
        "cv_val_confusion": {
          "cm_mean": [
            [34.4, 28.8, 74],
            [13.2, 46.8, 51.8],
            [42.8, 79.4, 264.6]
          ],
          "cm_std": [
            [9.31665175908169, 6.64830805543786, 8.74642784226795],
            [7.94984276574072, 10.084641788383, 7.25947656515261],
            [9.85900603509299, 10.7842477716343, 18.0083314052135]
          ],
          "cm_mean_normalized": [
            [0.250728862973761, 0.209912536443149, 0.53935860058309],
            [0.118067978533095, 0.418604651162791, 0.463327370304114],
            [0.110651499482937, 0.205274043433299, 0.684074457083764]
          ],
          "cm_std_normalized": [
            [0.0679056250661931, 0.0484570557976521, 0.0637494740690084],
            [0.0711077170459814, 0.0902025204685417, 0.0649327063072685],
            [0.0254886402148216, 0.0278806819328706, 0.0465572166629099]
          ]
        },
        "cv_val_oof_ens_acc": 0.54388172381252,
        "cv_val_oof_ens_f1": 0.444671704490855,
        "cv_val_oof_ens_confusion": {
          "cm_mean": [
            [172, 144, 370],
            [66, 234, 259],
            [214, 397, 1323]
          ],
          "cm_std": [
            [0, 0, 0],
            [0, 0, 0],
            [0, 0, 0]
          ],
          "cm_mean_normalized": [
            [0.250728862973761, 0.209912536443149, 0.53935860058309],
            [0.118067978533095, 0.418604651162791, 0.463327370304114],
            [0.110651499482937, 0.205274043433299, 0.684074457083764]
          ],
          "cm_std_normalized": [
            [0, 0, 0],
            [0, 0, 0],
            [0, 0, 0]
          ]
        },
        "cv_test_ens_acc": 0.615384615384615,
        "cv_test_ens_f1": 0.46739082217938,
        "cv_test_ens_confusion": {
          "cm_mean": [
            [47, 28, 117],
            [19, 69, 106],
            [57, 98, 564]
          ],
          "cm_std": [
            [0, 0, 0],
            [0, 0, 0],
            [0, 0, 0]
          ],
          "cm_mean_normalized": [
            [0.244791666666667, 0.145833333333333, 0.609375],
            [0.0979381443298969, 0.355670103092784, 0.54639175257732],
            [0.0792767732962448, 0.136300417246175, 0.78442280945758]
          ],
          "cm_std_normalized": [
            [0, 0, 0],
            [0, 0, 0],
            [0, 0, 0]
          ]
        },
        "full_test_acc": 0.61447963800905,
        "full_test_f1": 0.461012347875088
      },
      {
        "fusion_method": "term",
        "seed": 43,
        "cv_val_f1_folds": [0.439954154978159, 0.41243263361851, 0.440245470992521, 0.435983200512634, 0.438810750648683],
        "cv_test_f1_folds": [0.454524946375565, 0.436081103273615, 0.472048161437137, 0.44445170646426, 0.433344997204693],
        "cv_val_f1_mean": 0.433485242150102,
        "cv_val_f1_std": 0.0118886573034211,
        "cv_test_f1_mean": 0.448090182951054,
        "cv_test_f1_std": 0.0157342613586385,
        "cv_val_confusion": {
          "cm_mean": [
            [29.8, 30.4, 77],
            [10.4, 49.8, 51.6],
            [43.2, 82.8, 260.8]
          ],
          "cm_std": [
            [5.97494769851586, 4.92950301754649, 9.51314879522022],
            [2.60768096208106, 8.92748564826626, 8.73498712076898],
            [11.0317722964173, 11.1892805845595, 17.2539850469392]
          ],
          "cm_mean_normalized": [
            [0.217201166180758, 0.221574344023324, 0.561224489795918],
            [0.0930232558139535, 0.445438282647585, 0.461538461538462],
            [0.111685625646329, 0.21406411582213, 0.674250258531541]
          ],
          "cm_std_normalized": [
            [0.0435491814760631, 0.0359293222853243, 0.0693378192071445],
            [0.0233245166554657, 0.0798522866571222, 0.0781304751410464],
            [0.0285206109007686, 0.0289278195050659, 0.0446069933995325]
          ]
        },
        "cv_val_oof_ens_acc": 0.53538848694558,
        "cv_val_oof_ens_f1": 0.43486980900972,
        "cv_val_oof_ens_confusion": {
          "cm_mean": [
            [149, 152, 385],
            [52, 249, 258],
            [216, 414, 1304]
          ],
          "cm_std": [
            [0, 0, 0],
            [0, 0, 0],
            [0, 0, 0]
          ],
          "cm_mean_normalized": [
            [0.217201166180758, 0.221574344023324, 0.561224489795918],
            [0.0930232558139535, 0.445438282647585, 0.461538461538462],
            [0.111685625646329, 0.21406411582213, 0.674250258531541]
          ],
          "cm_std_normalized": [
            [0, 0, 0],
            [0, 0, 0],
            [0, 0, 0]
          ]
        },
        "cv_test_ens_acc": 0.60814479638009,
        "cv_test_ens_f1": 0.471752590501542,
        "cv_test_ens_confusion": {
          "cm_mean": [
            [48, 35, 109],
            [15, 77, 102],
            [50, 122, 547]
          ],
          "cm_std": [
            [0, 0, 0],
            [0, 0, 0],
            [0, 0, 0]
          ],
          "cm_mean_normalized": [
            [0.25, 0.182291666666667, 0.567708333333333],
            [0.077319587628866, 0.396907216494845, 0.525773195876289],
            [0.0695410292072323, 0.169680111265647, 0.760778859527121]
          ],
          "cm_std_normalized": [
            [0, 0, 0],
            [0, 0, 0],
            [0, 0, 0]
          ]
        },
        "full_test_acc": 0.578280542986425,
        "full_test_f1": 0.461766574016288
      },
      {
        "fusion_method": "term",
        "seed": 44,
        "cv_val_f1_folds": [0.466966445370799, 0.42556909068537, 0.450484531118334, 0.431037145345906, 0.451632107360451],
        "cv_test_f1_folds": [0.467847588299066, 0.452687263998634, 0.453335754128191, 0.457276627246873, 0.455084461515692],
        "cv_val_f1_mean": 0.445137863976172,
        "cv_val_f1_std": 0.0168004178992811,
        "cv_test_f1_mean": 0.457246339037691,
        "cv_test_f1_std": 0.00618746630786179,
        "cv_val_confusion": {
          "cm_mean": [
            [34.8, 30.4, 72],
            [12.4, 47.6, 51.8],
            [44.4, 78.8, 263.6]
          ],
          "cm_std": [
            [8.92748564826626, 5.45893762558247, 3.93700393700591],
            [6.54217089351845, 5.59464029227975, 3.27108544675923],
            [12.8569047597001, 14.2548237449644, 10.7144761887831]
          ],
          "cm_mean_normalized": [
            [0.253644314868805, 0.221574344023324, 0.524781341107872],
            [0.110912343470483, 0.425760286225403, 0.463327370304114],
            [0.114788004136505, 0.203722854188211, 0.681489141675284]
          ],
          "cm_std_normalized": [
            [0.065069137378034, 0.0397881751135749, 0.0286953639723463],
            [0.0585167342890738, 0.0500415052976721, 0.0292583671445369],
            [0.0332391539806105, 0.0368532154730206, 0.0277003003846512]
          ]
        },
        "cv_val_oof_ens_acc": 0.544196288140925,
        "cv_val_oof_ens_f1": 0.446529058644791,
        "cv_val_oof_ens_confusion": {
          "cm_mean": [
            [174, 152, 360],
            [62, 238, 259],
            [222, 394, 1318]
          ],
          "cm_std": [
            [0, 0, 0],
            [0, 0, 0],
            [0, 0, 0]
          ],
          "cm_mean_normalized": [
            [0.253644314868805, 0.221574344023324, 0.524781341107872],
            [0.110912343470483, 0.425760286225403, 0.463327370304114],
            [0.114788004136505, 0.203722854188211, 0.681489141675284]
          ],
          "cm_std_normalized": [
            [0, 0, 0],
            [0, 0, 0],
            [0, 0, 0]
          ]
        },
        "cv_test_ens_acc": 0.61447963800905,
        "cv_test_ens_f1": 0.475593398319829,
        "cv_test_ens_confusion": {
          "cm_mean": [
            [51, 25, 116],
            [19, 72, 103],
            [57, 106, 556]
          ],
          "cm_std": [
            [0, 0, 0],
            [0, 0, 0],
            [0, 0, 0]
          ],
          "cm_mean_normalized": [
            [0.265625, 0.130208333333333, 0.604166666666667],
            [0.0979381443298969, 0.371134020618557, 0.530927835051546],
            [0.0792767732962448, 0.147426981919332, 0.773296244784423]
          ],
          "cm_std_normalized": [
            [0, 0, 0],
            [0, 0, 0],
            [0, 0, 0]
          ]
        },
        "full_test_acc": 0.592760180995475,
        "full_test_f1": 0.453792917733581
      }
    ],
    "concat": [
      {
        "fusion_method": "concat",
        "seed": 42,
        "cv_val_f1_folds": [0.698749173089377, 0.723738845384977, 0.699469116366569, 0.709456166380611, 0.67492147113551],
        "cv_test_f1_folds": [0.750185861930987, 0.718400519247846, 0.720944741532977, 0.710140741597815, 0.721344048478422],
        "cv_val_f1_mean": 0.701266954471409,
        "cv_val_f1_std": 0.0178585064469721,
        "cv_test_f1_mean": 0.72420318255761,
        "cv_test_f1_std": 0.0152094942408328,
        "cv_val_confusion": {
          "cm_mean": [
            [95, 22.8, 19.4],
            [21, 65.4, 25.4],
            [24, 35.4, 327.4]
          ],
          "cm_std": [
            [4.89897948556636, 2.58843582110896, 4.97995983919549],
            [3.53553390593274, 5.02991053598372, 4.72228758124704],
            [8.15475321515005, 8.14248119432891, 11.8869676536954]
          ],
          "cm_mean_normalized": [
            [0.692419825072886, 0.166180758017493, 0.141399416909621],
            [0.18783542039356, 0.584973166368515, 0.227191413237925],
            [0.062047569803516, 0.0915201654601862, 0.846432264736298]
          ],
          "cm_std_normalized": [
            [0.035706847562437, 0.018866150299628, 0.0362970833760605],
            [0.0316237379779315, 0.044990255241357, 0.0422387082401345],
            [0.0210826091394779, 0.0210508820949558, 0.0307315606352]
          ]
        },
        "cv_val_oof_ens_acc": 0.767222396980183,
        "cv_val_oof_ens_f1": 0.701263246813836,
        "cv_val_oof_ens_confusion": {
          "cm_mean": [
            [475, 114, 97],
            [105, 327, 127],
            [120, 177, 1637]
          ],
          "cm_std": [
            [0, 0, 0],
            [0, 0, 0],
            [0, 0, 0]
          ],
          "cm_mean_normalized": [
            [0.692419825072886, 0.166180758017493, 0.141399416909621],
            [0.18783542039356, 0.584973166368515, 0.227191413237925],
            [0.062047569803516, 0.0915201654601861, 0.846432264736298]
          ],
          "cm_std_normalized": [
            [0, 0, 0],
            [0, 0, 0],
            [0, 0, 0]
          ]
        },
        "cv_test_ens_acc": 0.824434389140272,
        "cv_test_ens_f1": 0.732911981355512,
        "cv_test_ens_confusion": {
          "cm_mean": [
            [150, 25, 17],
            [36, 90, 68],
            [17, 31, 671]
          ],
          "cm_std": [
            [0, 0, 0],
            [0, 0, 0],
            [0, 0, 0]
          ],
          "cm_mean_normalized": [
            [0.78125, 0.130208333333333, 0.0885416666666667],
            [0.185567010309278, 0.463917525773196, 0.350515463917526],
            [0.023643949930459, 0.043115438108484, 0.933240611961057]
          ],
          "cm_std_normalized": [
            [0, 0, 0],
            [0, 0, 0],
            [0, 0, 0]
          ]
        },
        "full_test_acc": 0.827149321266968,
        "full_test_f1": 0.735271234853485
      },
      {
        "fusion_method": "concat",
        "seed": 43,
        "cv_val_f1_folds": [0.738109734893016, 0.691659897058632, 0.691366850267589, 0.72711867518543, 0.71073818731142],
        "cv_test_f1_folds": [0.735000275413809, 0.723319149942484, 0.708567551724319, 0.749518497742085, 0.710666438449173],
        "cv_val_f1_mean": 0.711798668943217,
        "cv_val_f1_std": 0.0209232451556909,
        "cv_test_f1_mean": 0.725414382654374,
        "cv_test_f1_std": 0.0171654105320817,
        "cv_val_confusion": {
          "cm_mean": [
            [98.4, 20.6, 18.2],
            [20.8, 65.6, 25.4],
            [24.8, 32.6, 329.4]
          ],
          "cm_std": [
            [5.7706152185014, 2.50998007960223, 5.80517010948],
            [3.96232255123179, 5.27257053058563, 2.30217288664427],
            [6.45755371638518, 5.27257053058563, 9.86407623652615]
          ],
          "cm_mean_normalized": [
            [0.717201166180758, 0.150145772594752, 0.13265306122449],
            [0.186046511627907, 0.586762075134168, 0.227191413237925],
            [0.0641158221302999, 0.0842812823164426, 0.851602895553258]
          ],
          "cm_std_normalized": [
            [0.0420598776858703, 0.0182943154489958, 0.0423117354918367],
            [0.0354411677212146, 0.0471607381984403, 0.0205918862848325],
            [0.0166948131240568, 0.0136312578350197, 0.0255017482847108]
          ]
        },
        "cv_val_oof_ens_acc": 0.776030198175527,
        "cv_val_oof_ens_f1": 0.711959532629715,
        "cv_val_oof_ens_confusion": {
          "cm_mean": [
            [492, 103, 91],
            [104, 328, 127],
            [124, 163, 1647]
          ],
          "cm_std": [
            [0, 0, 0],
            [0, 0, 0],
            [0, 0, 0]
          ],
          "cm_mean_normalized": [
            [0.717201166180758, 0.150145772594752, 0.13265306122449],
            [0.186046511627907, 0.586762075134168, 0.227191413237925],
            [0.0641158221302999, 0.0842812823164426, 0.851602895553258]
          ],
          "cm_std_normalized": [
            [0, 0, 0],
            [0, 0, 0],
            [0, 0, 0]
          ]
        },
        "cv_test_ens_acc": 0.831674208144796,
        "cv_test_ens_f1": 0.740531655504732,
        "cv_test_ens_confusion": {
          "cm_mean": [
            [156, 19, 17],
            [37, 87, 70],
            [19, 24, 676]
          ],
          "cm_std": [
            [0, 0, 0],
            [0, 0, 0],
            [0, 0, 0]
          ],
          "cm_mean_normalized": [
            [0.8125, 0.0989583333333333, 0.0885416666666667],
            [0.190721649484536, 0.448453608247423, 0.360824742268041],
            [0.0264255910987483, 0.0333796940194715, 0.94019471488178]
          ],
          "cm_std_normalized": [
            [0, 0, 0],
            [0, 0, 0],
            [0, 0, 0]
          ]
        },
        "full_test_acc": 0.820814479638009,
        "full_test_f1": 0.722879171005008
      },
      {
        "fusion_method": "concat",
        "seed": 44,
        "cv_val_f1_folds": [0.718107195221794, 0.684887619711017, 0.701226379103983, 0.69983031797037, 0.690787613398832],
        "cv_test_f1_folds": [0.721104730743612, 0.745940854420325, 0.736134625168155, 0.731034469955698, 0.726309691703441],
        "cv_val_f1_mean": 0.698967825081199,
        "cv_val_f1_std": 0.0126226829167894,
        "cv_test_f1_mean": 0.732104874398246,
        "cv_test_f1_std": 0.00953160929484542,
        "cv_val_confusion": {
          "cm_mean": [
            [95, 23, 19.2],
            [20.8, 65.2, 25.8],
            [24.2, 36.6, 326]
          ],
          "cm_std": [
            [6.67083203206317, 9.35414346693485, 6.01664358259653],
            [5.21536192416212, 7.85493475466219, 2.77488738510232],
            [6.05805249234438, 12.36122971229, 8.45576726264388]
          ],
          "cm_mean_normalized": [
            [0.692419825072886, 0.167638483965015, 0.139941690962099],
            [0.186046511627907, 0.583184257602862, 0.230769230769231],
            [0.062564632885212, 0.094622543950362, 0.842812823164426]
          ],
          "cm_std_normalized": [
            [0.0486212247234925, 0.0681788882429654, 0.0438530873367094],
            [0.0466490333109313, 0.0702588081812361, 0.0248201018345467],
            [0.0156619764538376, 0.031957677642942, 0.0218608253946326]
          ]
        },
        "cv_val_oof_ens_acc": 0.764705882352941,
        "cv_val_oof_ens_f1": 0.698984059298329,
        "cv_val_oof_ens_confusion": {
          "cm_mean": [
            [475, 115, 96],
            [104, 326, 129],
            [121, 183, 1630]
          ],
          "cm_std": [
            [0, 0, 0],
            [0, 0, 0],
            [0, 0, 0]
          ],
          "cm_mean_normalized": [
            [0.692419825072886, 0.167638483965015, 0.139941690962099],
            [0.186046511627907, 0.583184257602862, 0.230769230769231],
            [0.062564632885212, 0.094622543950362, 0.842812823164426]
          ],
          "cm_std_normalized": [
            [0, 0, 0],
            [0, 0, 0],
            [0, 0, 0]
          ]
        },
        "cv_test_ens_acc": 0.824434389140272,
        "cv_test_ens_f1": 0.73458647821623,
        "cv_test_ens_confusion": {
          "cm_mean": [
            [151, 27, 14],
            [35, 92, 67],
            [20, 31, 668]
          ],
          "cm_std": [
            [0, 0, 0],
            [0, 0, 0],
            [0, 0, 0]
          ],
          "cm_mean_normalized": [
            [0.786458333333333, 0.140625, 0.0729166666666667],
            [0.180412371134021, 0.474226804123711, 0.345360824742268],
            [0.0278164116828929, 0.043115438108484, 0.929068150208623]
          ],
          "cm_std_normalized": [
            [0, 0, 0],
            [0, 0, 0],
            [0, 0, 0]
          ]
        },
        "full_test_acc": 0.820814479638009,
        "full_test_f1": 0.722087220333905
      }
    ],
    "add": [
      {
        "fusion_method": "add",
        "seed": 42,
        "cv_val_f1_folds": [0.688770393776812, 0.732356048479704, 0.697351460909567, 0.725435127708112, 0.681152012191233],
        "cv_test_f1_folds": [0.740727183834241, 0.719030136195231, 0.726506670948596, 0.708901750182476, 0.700776306963944],
        "cv_val_f1_mean": 0.705013008613086,
        "cv_val_f1_std": 0.0226747314077552,
        "cv_test_f1_mean": 0.719188409624898,
        "cv_test_f1_std": 0.0155106550522813,
        "cv_val_confusion": {
          "cm_mean": [
            [96.2, 22.2, 18.8],
            [22.8, 65, 24],
            [23.6, 33.6, 329.6]
          ],
          "cm_std": [
            [8.75785361832453, 6.1400325732035, 3.42052627529741],
            [6.30079360080935, 5.1478150704935, 3.53553390593274],
            [13.2589592351738, 9.07193474403338, 14.3631472874158]
          ],
          "cm_mean_normalized": [
            [0.701166180758017, 0.161807580174927, 0.137026239067055],
            [0.203935599284437, 0.581395348837209, 0.214669051878354],
            [0.0610134436401241, 0.0868665977249225, 0.852119958634954]
          ],
          "cm_std_normalized": [
            [0.0638327523201496, 0.044752424002941, 0.0249309495284068],
            [0.0563577245152893, 0.046044857517831, 0.0316237379779315],
            [0.0342785916111008, 0.0234538126784731, 0.0371332659964214]
          ]
        },
        "cv_val_oof_ens_acc": 0.77194086190626,
        "cv_val_oof_ens_f1": 0.704938608313464,
        "cv_val_oof_ens_confusion": {
          "cm_mean": [
            [481, 111, 94],
            [114, 325, 120],
            [118, 168, 1648]
          ],
          "cm_std": [
            [0, 0, 0],
            [0, 0, 0],
            [0, 0, 0]
          ],
          "cm_mean_normalized": [
            [0.701166180758018, 0.161807580174927, 0.137026239067055],
            [0.203935599284437, 0.581395348837209, 0.214669051878354],
            [0.0610134436401241, 0.0868665977249225, 0.852119958634954]
          ],
          "cm_std_normalized": [
            [0, 0, 0],
            [0, 0, 0],
            [0, 0, 0]
          ]
        },
        "cv_test_ens_acc": 0.820814479638009,
        "cv_test_ens_f1": 0.722324995147458,
        "cv_test_ens_confusion": {
          "cm_mean": [
            [147, 25, 20],
            [39, 85, 70],
            [19, 25, 675]
          ],
          "cm_std": [
            [0, 0, 0],
            [0, 0, 0],
            [0, 0, 0]
          ],
          "cm_mean_normalized": [
            [0.765625, 0.130208333333333, 0.104166666666667],
            [0.201030927835052, 0.438144329896907, 0.360824742268041],
            [0.0264255910987483, 0.0347705146036161, 0.938803894297636]
          ],
          "cm_std_normalized": [
            [0, 0, 0],
            [0, 0, 0],
            [0, 0, 0]
          ]
        },
        "full_test_acc": 0.827149321266968,
        "full_test_f1": 0.736639217920839
      },
      {
        "fusion_method": "add",
        "seed": 43,
        "cv_val_f1_folds": [0.745486318559865, 0.697163231780167, 0.689368352121072, 0.720172664558398, 0.693425118667054],
        "cv_test_f1_folds": [0.712685437820856, 0.719813808466291, 0.713927741906174, 0.743647182182027, 0.743246465352833],
        "cv_val_f1_mean": 0.709123137137311,
        "cv_val_f1_std": 0.0235801382018909,
        "cv_test_f1_mean": 0.726664127145636,
        "cv_test_f1_std": 0.0155559010427092,
        "cv_val_confusion": {
          "cm_mean": [
            [96.2, 21, 20],
            [19.8, 64.6, 27.4],
            [22.6, 31.8, 332.4]
          ],
          "cm_std": [
            [9.09395403551173, 2.91547594742265, 7.07106781186548],
            [0.836660026534076, 4.09878030638384, 3.64691650576209],
            [9.52890339965728, 9.31128347758782, 15.6939478780835]
          ],
          "cm_mean_normalized": [
            [0.701166180758018, 0.153061224489796, 0.145772594752187],
            [0.177101967799642, 0.577817531305903, 0.245080500894454],
            [0.0584281282316443, 0.0822130299896588, 0.859358841778697]
          ],
          "cm_std_normalized": [
            [0.0662824638156831, 0.0212498246896695, 0.0515383951302148],
            [0.0074835422766912, 0.0366617200928787, 0.0326200045238112],
            [0.0246352207850498, 0.0240726046473315, 0.0405738052690886]
          ]
        },
        "cv_val_oof_ens_acc": 0.775715633847122,
        "cv_val_oof_ens_f1": 0.709504210344239,
        "cv_val_oof_ens_confusion": {
          "cm_mean": [
            [481, 105, 100],
            [99, 323, 137],
            [113, 159, 1662]
          ],
          "cm_std": [
            [0, 0, 0],
            [0, 0, 0],
            [0, 0, 0]
          ],
          "cm_mean_normalized": [
            [0.701166180758018, 0.153061224489796, 0.145772594752187],
            [0.177101967799642, 0.577817531305903, 0.245080500894454],
            [0.0584281282316443, 0.0822130299896587, 0.859358841778697]
          ],
          "cm_std_normalized": [
            [0, 0, 0],
            [0, 0, 0],
            [0, 0, 0]
          ]
        },
        "cv_test_ens_acc": 0.836199095022625,
        "cv_test_ens_f1": 0.74888711422178,
        "cv_test_ens_confusion": {
          "cm_mean": [
            [151, 22, 19],
            [31, 92, 71],
            [14, 24, 681]
          ],
          "cm_std": [
            [0, 0, 0],
            [0, 0, 0],
            [0, 0, 0]
          ],
          "cm_mean_normalized": [
            [0.786458333333333, 0.114583333333333, 0.0989583333333333],
            [0.15979381443299, 0.474226804123711, 0.365979381443299],
            [0.019471488178025, 0.0333796940194715, 0.947148817802504]
          ],
          "cm_std_normalized": [
            [0, 0, 0],
            [0, 0, 0],
            [0, 0, 0]
          ]
        },
        "full_test_acc": 0.825339366515837,
        "full_test_f1": 0.730935069777352
      },
      {
        "fusion_method": "add",
        "seed": 44,
        "cv_val_f1_folds": [0.699136900724753, 0.693636991028296, 0.700436225605062, 0.683649679476508, 0.701798531643493],
        "cv_test_f1_folds": [0.734401832342742, 0.723799475038014, 0.748292316548123, 0.731447721577176, 0.714385252905295],
        "cv_val_f1_mean": 0.695731665695622,
        "cv_val_f1_std": 0.00743130918707087,
        "cv_test_f1_mean": 0.73046531968227,
        "cv_test_f1_std": 0.0126220550529383,
        "cv_val_confusion": {
          "cm_mean": [
            [94.8, 25.4, 17],
            [21.8, 64.2, 25.8],
            [25.2, 34.6, 327]
          ],
          "cm_std": [
            [8.28854631404084, 8.64869932417586, 5.70087712549569],
            [4.08656334834051, 6.05805249234438, 3.11448230047949],
            [5.3103672189407, 8.73498712076898, 8.24621125123532]
          ],
          "cm_mean_normalized": [
            [0.690962099125364, 0.185131195335277, 0.123906705539359],
            [0.194991055456172, 0.574239713774598, 0.230769230769231],
            [0.0651499482936918, 0.0894519131334023, 0.845398138572906]
          ],
          "cm_std_normalized": [
            [0.0604121451460703, 0.0630371670858299, 0.0415515825473447],
            [0.0365524449762121, 0.0541865160317029, 0.0278576234389936],
            [0.0137289741958136, 0.022582696796197, 0.0213190570093985]
          ]
        },
        "cv_val_oof_ens_acc": 0.764391318024536,
        "cv_val_oof_ens_f1": 0.69601034256781,
        "cv_val_oof_ens_confusion": {
          "cm_mean": [
            [474, 127, 85],
            [109, 321, 129],
            [126, 173, 1635]
          ],
          "cm_std": [
            [0, 0, 0],
            [0, 0, 0],
            [0, 0, 0]
          ],
          "cm_mean_normalized": [
            [0.690962099125364, 0.185131195335277, 0.123906705539359],
            [0.194991055456172, 0.574239713774598, 0.230769230769231],
            [0.0651499482936918, 0.0894519131334023, 0.845398138572906]
          ],
          "cm_std_normalized": [
            [0, 0, 0],
            [0, 0, 0],
            [0, 0, 0]
          ]
        },
        "cv_test_ens_acc": 0.831674208144796,
        "cv_test_ens_f1": 0.741385424667131,
        "cv_test_ens_confusion": {
          "cm_mean": [
            [153, 26, 13],
            [37, 92, 65],
            [18, 27, 674]
          ],
          "cm_std": [
            [0, 0, 0],
            [0, 0, 0],
            [0, 0, 0]
          ],
          "cm_mean_normalized": [
            [0.796875, 0.135416666666667, 0.0677083333333333],
            [0.190721649484536, 0.474226804123711, 0.335051546391753],
            [0.0250347705146036, 0.0375521557719054, 0.937413073713491]
          ],
          "cm_std_normalized": [
            [0, 0, 0],
            [0, 0, 0],
            [0, 0, 0]
          ]
        },
        "full_test_acc": 0.816289592760181,
        "full_test_f1": 0.718002590258768
      }
    ],
    "mul": [
      {
        "fusion_method": "mul",
        "seed": 42,
        "cv_val_f1_folds": [0.706484103647353, 0.714116368458831, 0.706977357859778, 0.711742978202086, 0.687358213494451],
        "cv_test_f1_folds": [0.720526477452557, 0.710819797074628, 0.705920070635546, 0.709922006804542, 0.706298543308619],
        "cv_val_f1_mean": 0.7053358043325,
        "cv_val_f1_std": 0.0105517444649148,
        "cv_test_f1_mean": 0.710697379055178,
        "cv_test_f1_std": 0.00590338452214876,
        "cv_val_confusion": {
          "cm_mean": [
            [95.4, 24, 17.8],
            [23.8, 64.4, 23.6],
            [22, 31.6, 333.2]
          ],
          "cm_std": [
            [3.97492138287036, 2.44948974278318, 3.63318042491699],
            [3.89871773792359, 4.6690470119715, 4.97995983919549],
            [6.74536878161602, 8.76356092008266, 8.87130204648675]
          ],
          "cm_mean_normalized": [
            [0.69533527696793, 0.174927113702624, 0.129737609329446],
            [0.212880143112701, 0.57602862254025, 0.211091234347048],
            [0.0568769389865564, 0.0816959669079628, 0.861427094105481]
          ],
          "cm_std_normalized": [
            [0.0289717301958481, 0.0178534237812185, 0.0264809068871501],
            [0.0348722516808907, 0.0417624956348077, 0.0445434690446824],
            [0.0174389058469907, 0.0226565690798414, 0.0229351138740609]
          ]
        },
        "cv_val_oof_ens_acc": 0.775401069518717,
        "cv_val_oof_ens_f1": 0.705408696998708,
        "cv_val_oof_ens_confusion": {
          "cm_mean": [
            [477, 120, 89],
            [119, 322, 118],
            [110, 158, 1666]
          ],
          "cm_std": [
            [0, 0, 0],
            [0, 0, 0],
            [0, 0, 0]
          ],
          "cm_mean_normalized": [
            [0.69533527696793, 0.174927113702624, 0.129737609329446],
            [0.212880143112701, 0.57602862254025, 0.211091234347048],
            [0.0568769389865564, 0.0816959669079628, 0.861427094105481]
          ],
          "cm_std_normalized": [
            [0, 0, 0],
            [0, 0, 0],
            [0, 0, 0]
          ]
        },
        "cv_test_ens_acc": 0.823529411764706,
        "cv_test_ens_f1": 0.72560846455508,
        "cv_test_ens_confusion": {
          "cm_mean": [
            [149, 24, 19],
            [40, 85, 69],
            [18, 25, 676]
          ],
          "cm_std": [
            [0, 0, 0],
            [0, 0, 0],
            [0, 0, 0]
          ],
          "cm_mean_normalized": [
            [0.776041666666667, 0.125, 0.0989583333333333],
            [0.206185567010309, 0.438144329896907, 0.355670103092784],
            [0.0250347705146036, 0.0347705146036161, 0.94019471488178]
          ],
          "cm_std_normalized": [
            [0, 0, 0],
            [0, 0, 0],
            [0, 0, 0]
          ]
        },
        "full_test_acc": 0.815384615384615,
        "full_test_f1": 0.720613564223803
      },
      {
        "fusion_method": "mul",
        "seed": 43,
        "cv_val_f1_folds": [0.251793868232224, 0.680528672716173, 0.648611688849825, 0.696697260464469, 0.693998878350422],
