{
  "benchmark_type": "kfold_plus_full_multiseed",
  "methods": [
    "sent",
    "term",
    "concat",
    "add",
    "mul",
    "cross",
    "gated_concat",
    "bilinear",
    "coattn",
    "late_interaction"
  ],
  "seeds": [42, 43, 44],
  "k_folds": 5,
  "config": {
    "model_name": "roberta-base",
    "fusion_method": "concat",
    "epochs": 10,
    "train_batch_size": 16,
    "eval_batch_size": 32,
    "lr": 0.00002,
    "warmup_ratio": 0.1,
    "dropout": 0.1,
    "freeze_epochs": 3,
    "rolling_k": 3,
    "early_stop_patience": 5,
    "k_folds": 5,
    "seed": 42,
    "max_len_sent": 24,
    "max_len_term": 4,
    "output_dir": "/kaggle/working/A-MoE-ASC/saved_model",
    "output_name": "phase1_locked_baseline",
    "verbose_report": false,
    "train_full_only": false,
    "head_type": "linear",
    "do_ensemble_logits": true,
    "loss_type": "weighted_ce",
    "class_weights": "0.7,1.3,1.6",
    "focal_gamma": 2
  },
  "runs": {
    "sent": [
      {
        "fusion_method": "sent",
        "seed": 42,
        "cv_val_f1_folds": [0.658613948452944, 0.699676658693403, 0.683125596148228, 0.694084892306976, 0.692851115129596],
        "cv_test_f1_folds": [0.71579061571474, 0.719208024690325, 0.720272312286712, 0.694579293488741, 0.692657259928849],
        "cv_val_f1_mean": 0.685670442146229,
        "cv_val_f1_std": 0.0162563005485286,
        "cv_test_f1_mean": 0.708501501221874,
        "cv_test_f1_std": 0.0137038377682206,
        "cv_val_confusion": {
          "cm_mean": [
            [85.8, 23.8, 27.6],
            [19.8, 56.8, 35.2],
            [15, 25, 346.8]
          ],
          "cm_std": [
            [7.19027120489902, 6.68580586017871, 2.30217288664427],
            [5.35723809439155, 7.15541752799933, 2.16794833886788],
            [7.10633520177595, 4.84767985741633, 9.09395403551173]
          ],
          "cm_mean_normalized": [
            [0.625364431486881, 0.173469387755102, 0.201166180758018],
            [0.177101967799642, 0.508050089445438, 0.31484794275492],
            [0.0387797311271975, 0.0646328852119959, 0.896587383660807]
          ],
          "cm_std_normalized": [
            [0.0524072245255031, 0.0487303634123813, 0.0167796857627133],
            [0.0479180509337348, 0.0640019456887239, 0.0193913089344175],
            [0.018372117894974, 0.0125327814307558, 0.0235107394920158]
          ]
        },
        "cv_val_oof_ens_acc": 0.769738911607424,
        "cv_val_oof_ens_f1": 0.686363502542825,
        "cv_val_oof_ens_confusion": {
          "cm_mean": [
            [429, 119, 138],
            [99, 284, 176],
            [75, 125, 1734]
          ],
          "cm_std": [
            [0, 0, 0],
            [0, 0, 0],
            [0, 0, 0]
          ],
          "cm_mean_normalized": [
            [0.625364431486881, 0.173469387755102, 0.201166180758017],
            [0.177101967799642, 0.508050089445438, 0.31484794275492],
            [0.0387797311271975, 0.0646328852119959, 0.896587383660807]
          ],
          "cm_std_normalized": [
            [0, 0, 0],
            [0, 0, 0],
            [0, 0, 0]
          ]
        },
        "cv_test_ens_acc": 0.826244343891403,
        "cv_test_ens_f1": 0.719466239191137,
        "cv_test_ens_confusion": {
          "cm_mean": [
            [146, 22, 24],
            [36, 75, 83],
            [12, 15, 692]
          ],
          "cm_std": [
            [0, 0, 0],
            [0, 0, 0],
            [0, 0, 0]
          ],
          "cm_mean_normalized": [
            [0.760416666666667, 0.114583333333333, 0.125],
            [0.185567010309278, 0.38659793814433, 0.427835051546392],
            [0.0166898470097357, 0.0208623087621697, 0.962447844228095]
          ],
          "cm_std_normalized": [
            [0, 0, 0],
            [0, 0, 0],
            [0, 0, 0]
          ]
        },
        "full_test_acc": 0.820814479638009,
        "full_test_f1": 0.713429081882469
      },
      {
        "fusion_method": "sent",
        "seed": 43,
        "cv_val_f1_folds": [0.744588879101656, 0.693761287085745, 0.689262373727377, 0.690632143610441, 0.672727878649863],
        "cv_test_f1_folds": [0.68654033898362, 0.7070259940386, 0.708788953114591, 0.713541407561323, 0.718835830128509],
        "cv_val_f1_mean": 0.698194512435017,
        "cv_val_f1_std": 0.0271919689700585,
        "cv_test_f1_mean": 0.706946504765329,
        "cv_test_f1_std": 0.0122949312407087,
        "cv_val_confusion": {
          "cm_mean": [
            [89.6, 20.6, 27],
            [19.4, 58.6, 33.8],
            [17, 24.8, 345]
          ],
          "cm_std": [
            [6.58027355054484, 1.8165902124585, 4.69041575982343],
            [3.43511280746353, 2.60768096208106, 2.86356421265527],
            [2.34520787991172, 6.87022561492707, 8.57321409974112]
          ],
          "cm_mean_normalized": [
            [0.653061224489796, 0.150145772594752, 0.196793002915452],
            [0.173524150268336, 0.524150268336315, 0.302325581395349],
            [0.0439503619441572, 0.0641158221302999, 0.891933815925543]
          ],
          "cm_std_normalized": [
            [0.0479611774821053, 0.013240453443575, 0.0341867037888005],
            [0.0307255170613912, 0.0233245166554657, 0.0256132756051455],
            [0.00606310206802408, 0.0177617001420038, 0.0221644625122573]
          ]
        },
        "cv_val_oof_ens_acc": 0.775715633847122,
        "cv_val_oof_ens_f1": 0.698166378081911,
        "cv_val_oof_ens_confusion": {
          "cm_mean": [
            [448, 103, 135],
            [97, 293, 169],
            [85, 124, 1725]
          ],
          "cm_std": [
            [0, 0, 0],
            [0, 0, 0],
            [0, 0, 0]
          ],
          "cm_mean_normalized": [
            [0.653061224489796, 0.150145772594752, 0.196793002915452],
            [0.173524150268336, 0.524150268336315, 0.302325581395349],
            [0.0439503619441572, 0.0641158221302999, 0.891933815925543]
          ],
          "cm_std_normalized": [
            [0, 0, 0],
            [0, 0, 0],
            [0, 0, 0]
          ]
        },
        "cv_test_ens_acc": 0.824434389140272,
        "cv_test_ens_f1": 0.719904786922431,
        "cv_test_ens_confusion": {
          "cm_mean": [
            [148, 23, 21],
            [37, 77, 80],
            [15, 18, 686]
          ],
          "cm_std": [
            [0, 0, 0],
            [0, 0, 0],
            [0, 0, 0]
          ],
          "cm_mean_normalized": [
            [0.770833333333333, 0.119791666666667, 0.109375],
            [0.190721649484536, 0.396907216494845, 0.412371134020619],
            [0.0208623087621697, 0.0250347705146036, 0.954102920723227]
          ],
          "cm_std_normalized": [
            [0, 0, 0],
            [0, 0, 0],
            [0, 0, 0]
          ]
        },
        "full_test_acc": 0.82262443438914,
        "full_test_f1": 0.718332829658273
      },
      {
        "fusion_method": "sent",
        "seed": 44,
        "cv_val_f1_folds": [0.682383882651604, 0.664321902688394, 0.673631087750379, 0.692666236783884, 0.668099311830474],
        "cv_test_f1_folds": [0.712886945421557, 0.709355329848795, 0.706674252299277, 0.725033797488474, 0.699010720377021],
        "cv_val_f1_mean": 0.676220484340947,
        "cv_val_f1_std": 0.0114311516823627,
        "cv_test_f1_mean": 0.710592209087025,
        "cv_test_f1_std": 0.00955034589403004,
        "cv_val_confusion": {
          "cm_mean": [
            [82.4, 28.2, 26.6],
            [19.8, 58, 34],
            [16.4, 26.6, 343.8]
          ],
          "cm_std": [
            [7.63544366752843, 9.88433103452126, 4.50555213042752],
            [6.22093240599832, 6.12372435695795, 4.74341649025257],
            [5.02991053598372, 6.14817045957576, 5.35723809439155]
          ],
          "cm_mean_normalized": [
            [0.600583090379009, 0.205539358600583, 0.193877551020408],
            [0.177101967799642, 0.518783542039356, 0.304114490161002],
            [0.0423991726990693, 0.0687693898655636, 0.888831437435367]
          ],
          "cm_std_normalized": [
            [0.0556519217749885, 0.0720432291145864, 0.0328393012421831],
            [0.0556434025581245, 0.0547739209030228, 0.0424276966927779],
            [0.0130039052119538, 0.0158949598231018, 0.0138501501923256]
          ]
        },
        "cv_val_oof_ens_acc": 0.76156023906889,
        "cv_val_oof_ens_f1": 0.676595570068132,
        "cv_val_oof_ens_confusion": {
          "cm_mean": [
            [412, 141, 133],
            [99, 290, 170],
            [82, 133, 1719]
          ],
          "cm_std": [
            [0, 0, 0],
            [0, 0, 0],
            [0, 0, 0]
          ],
          "cm_mean_normalized": [
            [0.600583090379009, 0.205539358600583, 0.193877551020408],
            [0.177101967799642, 0.518783542039356, 0.304114490161002],
            [0.0423991726990693, 0.0687693898655636, 0.888831437435367]
          ],
          "cm_std_normalized": [
            [0, 0, 0],
            [0, 0, 0],
            [0, 0, 0]
          ]
        },
        "cv_test_ens_acc": 0.820814479638009,
        "cv_test_ens_f1": 0.712656504059864,
        "cv_test_ens_confusion": {
          "cm_mean": [
            [134, 37, 21],
            [33, 82, 79],
            [8, 20, 691]
          ],
          "cm_std": [
            [0, 0, 0],
            [0, 0, 0],
            [0, 0, 0]
          ],
          "cm_mean_normalized": [
            [0.697916666666667, 0.192708333333333, 0.109375],
            [0.170103092783505, 0.422680412371134, 0.407216494845361],
            [0.0111265646731572, 0.0278164116828929, 0.96105702364395]
          ],
          "cm_std_normalized": [
            [0, 0, 0],
            [0, 0, 0],
            [0, 0, 0]
          ]
        },
        "full_test_acc": 0.815384615384615,
        "full_test_f1": 0.69314379663018
      }
    ],
    "term": [
      {
        "fusion_method": "term",
        "seed": 42,
        "cv_val_f1_folds": [0.36909612455099, 0.402162409188672, 0.34944947742961, 0.412902148623182, 0.42757062463345],
        "cv_test_f1_folds": [0.391781637362227, 0.366260450380716, 0.399510295605769, 0.418208672831029, 0.370455150385946],
        "cv_val_f1_mean": 0.392236156885181,
        "cv_val_f1_std": 0.0321725789517345,
        "cv_test_f1_mean": 0.389243241313137,
        "cv_test_f1_std": 0.0214012448300289,
        "cv_val_confusion": {
          "cm_mean": [
            [9.6, 14.2, 113.4],
            [2.8, 28, 81],
            [6.4, 30, 350.4]
          ],
          "cm_std": [
            [1.51657508881031, 4.76445169982864, 4.72228758124704],
            [3.63318042491699, 8.71779788708135, 7.44983221287567],
            [4.82700735445887, 7.44983221287567, 5.68330889535313]
          ],
          "cm_mean_normalized": [
            [0.0699708454810496, 0.103498542274052, 0.826530612244898],
            [0.0250447227191413, 0.250447227191413, 0.724508050089445],
            [0.0165460186142709, 0.077559462254395, 0.905894519131334]
          ],
          "cm_std_normalized": [
            [0.0110537542916203, 0.0347263243427743, 0.0344190056942204],
            [0.0324971415466636, 0.077976725286953, 0.0666353507412851],
            [0.012479336490328, 0.0192601660105369, 0.014693146058307]
          ]
        },
        "cv_val_oof_ens_acc": 0.610254797106008,
        "cv_val_oof_ens_f1": 0.39322631183665,
        "cv_val_oof_ens_confusion": {
          "cm_mean": [
            [48, 71, 567],
            [14, 140, 405],
            [32, 150, 1752]
          ],
          "cm_std": [
            [0, 0, 0],
            [0, 0, 0],
            [0, 0, 0]
          ],
          "cm_mean_normalized": [
            [0.0699708454810496, 0.103498542274052, 0.826530612244898],
            [0.0250447227191413, 0.250447227191413, 0.724508050089445],
            [0.0165460186142709, 0.077559462254395, 0.905894519131334]
          ],
          "cm_std_normalized": [
            [0, 0, 0],
            [0, 0, 0],
            [0, 0, 0]
          ]
        },
        "cv_test_ens_acc": 0.657918552036199,
        "cv_test_ens_f1": 0.367387494184922,
        "cv_test_ens_confusion": {
          "cm_mean": [
            [11, 5, 176],
            [0, 26, 168],
            [6, 23, 690]
          ],
          "cm_std": [
            [0, 0, 0],
            [0, 0, 0],
            [0, 0, 0]
          ],
          "cm_mean_normalized": [
            [0.0572916666666667, 0.0260416666666667, 0.916666666666667],
            [0, 0.134020618556701, 0.865979381443299],
            [0.00834492350486787, 0.0319888734353268, 0.959666203059805]
          ],
          "cm_std_normalized": [
            [0, 0, 0],
            [0, 0, 0],
            [0, 0, 0]
          ]
        },
        "full_test_acc": 0.652488687782805,
        "full_test_f1": 0.373817604728903
      },
      {
        "fusion_method": "term",
        "seed": 43,
        "cv_val_f1_folds": [0.416586568467546, 0.358167964940726, 0.39566656069994, 0.422981366459627, 0.420464831175185],
        "cv_test_f1_folds": [0.359859373343361, 0.364051603172329, 0.370526594828071, 0.399950631551942, 0.401785867448923],
        "cv_val_f1_mean": 0.402773458348605,
        "cv_val_f1_std": 0.0271675554210326,
        "cv_test_f1_mean": 0.379234814068925,
        "cv_test_f1_std": 0.0201212933314704,
        "cv_val_confusion": {
          "cm_mean": [
            [11.4, 12.4, 113.4],
            [3, 27.8, 81],
            [8.2, 25.2, 353.4]
          ],
          "cm_std": [
            [4.2190046219458, 2.30217288664427, 5.41294744108974],
            [1.58113883008419, 6.76017751246223, 7.3143694191639],
            [4.38178046004133, 8.04363102087608, 9.23579991121505]
          ],
          "cm_mean_normalized": [
            [0.0830903790087463, 0.0903790087463557, 0.826530612244898],
            [0.0268336314847943, 0.24865831842576, 0.724508050089445],
            [0.0211995863495346, 0.0651499482936918, 0.913650465356774]
          ],
          "cm_std_normalized": [
            [0.0307507625506253, 0.0167796857627133, 0.039452969687243],
            [0.0141425655642593, 0.0604667040470682, 0.0654236978458309],
            [0.0113282845399207, 0.0207953232183973, 0.023877455820101]
          ]
        },
        "cv_val_oof_ens_acc": 0.617489776659327,
        "cv_val_oof_ens_f1": 0.40423582064065,
        "cv_val_oof_ens_confusion": {
          "cm_mean": [
            [57, 62, 567],
            [15, 139, 405],
            [41, 126, 1767]
          ],
          "cm_std": [
            [0, 0, 0],
            [0, 0, 0],
            [0, 0, 0]
          ],
          "cm_mean_normalized": [
            [0.0830903790087464, 0.0903790087463557, 0.826530612244898],
            [0.0268336314847943, 0.24865831842576, 0.724508050089445],
            [0.0211995863495346, 0.0651499482936918, 0.913650465356774]
          ],
          "cm_std_normalized": [
            [0, 0, 0],
            [0, 0, 0],
            [0, 0, 0]
          ]
        },
        "cv_test_ens_acc": 0.658823529411765,
        "cv_test_ens_f1": 0.388520765528641,
        "cv_test_ens_confusion": {
          "cm_mean": [
            [22, 6, 164],
            [5, 23, 166],
            [10, 26, 683]
          ],
          "cm_std": [
            [0, 0, 0],
            [0, 0, 0],
            [0, 0, 0]
          ],
          "cm_mean_normalized": [
            [0.114583333333333, 0.03125, 0.854166666666667],
            [0.0257731958762887, 0.118556701030928, 0.855670103092784],
            [0.0139082058414465, 0.0361613351877608, 0.949930458970793]
          ],
          "cm_std_normalized": [
            [0, 0, 0],
            [0, 0, 0],
            [0, 0, 0]
          ]
        },
        "full_test_acc": 0.646153846153846,
        "full_test_f1": 0.375801280472478
      },
      {
        "fusion_method": "term",
        "seed": 44,
        "cv_val_f1_folds": [0.394549345663924, 0.390501613082258, 0.311526961542427, 0.252199413489736, 0.406126493254884],
        "cv_test_f1_folds": [0.396816758449412, 0.361806996034848, 0.343477213157904, 0.262792397660819, 0.393247264519238],
        "cv_val_f1_mean": 0.350980765406646,
        "cv_val_f1_std": 0.0667374108211326,
        "cv_test_f1_mean": 0.351628125964444,
        "cv_test_f1_std": 0.0543966878555812,
        "cv_val_confusion": {
          "cm_mean": [
            [6.2, 9.8, 121.2],
            [2, 20.2, 89.6],
            [6.4, 21.8, 358.6]
          ],
          "cm_std": [
            [5.76194411635517, 5.89067059000926, 11.0317722964173],
            [2.12132034355964, 12.7749755381371, 14.6731046476197],
            [9.07193474403338, 12.7553910171347, 19.4627850011246]
          ],
          "cm_mean_normalized": [
            [0.0451895043731779, 0.0714285714285714, 0.883381924198251],
            [0.0178890876565295, 0.180679785330948, 0.801431127012522],
            [0.0165460186142709, 0.0563598759048604, 0.927094105480869]
          ],
          "cm_std_normalized": [
            [0.0419966772329094, 0.0429349168368022, 0.0804065036182018],
            [0.0189742427867589, 0.114266328605877, 0.13124422761735],
            [0.0234538126784731, 0.0329767089377835, 0.0503174379553376]
          ]
        },
        "cv_val_oof_ens_acc": 0.605536332179931,
        "cv_val_oof_ens_f1": 0.359560828369841,
        "cv_val_oof_ens_confusion": {
          "cm_mean": [
            [31, 49, 606],
            [10, 101, 448],
            [32, 109, 1793]
          ],
          "cm_std": [
            [0, 0, 0],
            [0, 0, 0],
            [0, 0, 0]
          ],
          "cm_mean_normalized": [
            [0.0451895043731778, 0.0714285714285714, 0.883381924198251],
            [0.0178890876565295, 0.180679785330948, 0.801431127012522],
            [0.0165460186142709, 0.0563598759048604, 0.927094105480869]
          ],
          "cm_std_normalized": [
            [0, 0, 0],
            [0, 0, 0],
            [0, 0, 0]
          ]
        },
        "cv_test_ens_acc": 0.657013574660634,
        "cv_test_ens_f1": 0.347969917748588,
        "cv_test_ens_confusion": {
          "cm_mean": [
            [8, 2, 182],
            [0, 21, 173],
            [3, 19, 697]
          ],
          "cm_std": [
            [0, 0, 0],
            [0, 0, 0],
            [0, 0, 0]
          ],
          "cm_mean_normalized": [
            [0.0416666666666667, 0.0104166666666667, 0.947916666666667],
            [0, 0.108247422680412, 0.891752577319588],
            [0.00417246175243394, 0.0264255910987483, 0.969401947148818]
          ],
          "cm_std_normalized": [
            [0, 0, 0],
            [0, 0, 0],
            [0, 0, 0]
          ]
        },
        "full_test_acc": 0.647963800904977,
        "full_test_f1": 0.36495929682737
      }
    ],
    "concat": [
      {
        "fusion_method": "concat",
        "seed": 42,
        "cv_val_f1_folds": [0.692748941973682, 0.736208494514298, 0.692462816849456, 0.702411126885433, 0.674376833041119],
        "cv_test_f1_folds": [0.72715434752839, 0.715470215971989, 0.70910689850215, 0.708091955196081, 0.737037103125303],
        "cv_val_f1_mean": 0.699641642652798,
        "cv_val_f1_std": 0.0228153466183219,
        "cv_test_f1_mean": 0.719372104064783,
        "cv_test_f1_std": 0.0124544815183823,
        "cv_val_confusion": {
          "cm_mean": [
            [88.4, 22.4, 26.4],
            [22, 60, 29.8],
            [16.8, 23.2, 346.8]
          ],
          "cm_std": [
            [3.57770876399966, 2.70185121722126, 2.07364413533277],
            [5.43139024560011, 4.06201920231798, 4.32434966208793],
            [6.49615270756469, 3.27108544675923, 6.37965516309463]
          ],
          "cm_mean_normalized": [
            [0.644314868804665, 0.163265306122449, 0.192419825072886],
            [0.196779964221825, 0.536672629695886, 0.26654740608229],
            [0.0434332988624612, 0.0599793174767322, 0.896587383660807]
          ],
          "cm_std_normalized": [
            [0.0260765944897935, 0.0196927931284348, 0.0151140243100056],
            [0.0485813081001799, 0.0363329087863862, 0.0386793350812874],
            [0.016794603690705, 0.00845678760796077, 0.0164934207939365]
          ]
        },
        "cv_val_oof_ens_acc": 0.778861277131173,
        "cv_val_oof_ens_f1": 0.699619581730119,
        "cv_val_oof_ens_confusion": {
          "cm_mean": [
            [442, 112, 132],
            [110, 300, 149],
            [84, 116, 1734]
          ],
          "cm_std": [
            [0, 0, 0],
            [0, 0, 0],
            [0, 0, 0]
          ],
          "cm_mean_normalized": [
            [0.644314868804665, 0.163265306122449, 0.192419825072886],
            [0.196779964221825, 0.536672629695886, 0.26654740608229],
            [0.0434332988624612, 0.0599793174767322, 0.896587383660807]
          ],
          "cm_std_normalized": [
            [0, 0, 0],
            [0, 0, 0],
            [0, 0, 0]
          ]
        },
        "cv_test_ens_acc": 0.829864253393665,
        "cv_test_ens_f1": 0.730782848374666,
        "cv_test_ens_confusion": {
          "cm_mean": [
            [147, 24, 21],
            [36, 83, 75],
            [10, 22, 687]
          ],
          "cm_std": [
            [0, 0, 0],
            [0, 0, 0],
            [0, 0, 0]
          ],
          "cm_mean_normalized": [
            [0.765625, 0.125, 0.109375],
            [0.185567010309278, 0.427835051546392, 0.38659793814433],
            [0.0139082058414465, 0.0305980528511822, 0.955493741307371]
          ],
          "cm_std_normalized": [
            [0, 0, 0],
            [0, 0, 0],
            [0, 0, 0]
          ]
        },
        "full_test_acc": 0.821719457013575,
        "full_test_f1": 0.719749833276403
      },
      {
        "fusion_method": "concat",
        "seed": 43,
        "cv_val_f1_folds": [0.741068093701034, 0.690689299368431, 0.700894141790686, 0.702105634518235, 0.693164764563306],
        "cv_test_f1_folds": [0.696893049686855, 0.708082973166075, 0.712691466977588, 0.736487213484719, 0.676822457255775],
        "cv_val_f1_mean": 0.705584386788339,
        "cv_val_f1_std": 0.0204285597706985,
        "cv_test_f1_mean": 0.706195432114202,
        "cv_test_f1_std": 0.0218669800705674,
        "cv_val_confusion": {
          "cm_mean": [
            [89.4, 19.8, 28],
            [18.8, 59.4, 33.6],
            [15, 22.4, 349.4]
          ],
          "cm_std": [
            [6.22896460095897, 5.26307894677631, 6.59545297913646],
            [3.03315017762062, 8.14248119432891, 5.41294744108974],
            [3.24037034920393, 7.23187389270582, 9.15423399307665]
          ],
          "cm_mean_normalized": [
            [0.651603498542274, 0.144314868804665, 0.204081632653061],
            [0.168157423971377, 0.531305903398927, 0.300536672629696],
            [0.0387797311271975, 0.0579110651499483, 0.903309203722854]
          ],
          "cm_std_normalized": [
            [0.0454006166250654, 0.0383606337228594, 0.0480718147167381],
            [0.0271301447014367, 0.0728307799134965, 0.0484163456269208],
            [0.0083773793929781, 0.0186966750069954, 0.0236665821951309]
          ]
        },
        "cv_val_oof_ens_acc": 0.783579742057251,
        "cv_val_oof_ens_f1": 0.706415241562737,
        "cv_val_oof_ens_confusion": {
          "cm_mean": [
            [447, 99, 140],
            [94, 297, 168],
            [75, 112, 1747]
          ],
          "cm_std": [
            [0, 0, 0],
            [0, 0, 0],
            [0, 0, 0]
          ],
          "cm_mean_normalized": [
            [0.651603498542274, 0.144314868804665, 0.204081632653061],
            [0.168157423971377, 0.531305903398927, 0.300536672629696],
            [0.0387797311271975, 0.0579110651499483, 0.903309203722854]
          ],
          "cm_std_normalized": [
            [0, 0, 0],
            [0, 0, 0],
            [0, 0, 0]
          ]
        },
        "cv_test_ens_acc": 0.823529411764706,
        "cv_test_ens_f1": 0.716385182064563,
        "cv_test_ens_confusion": {
          "cm_mean": [
            [146, 18, 28],
            [34, 72, 88],
            [10, 17, 692]
          ],
          "cm_std": [
            [0, 0, 0],
            [0, 0, 0],
            [0, 0, 0]
          ],
          "cm_mean_normalized": [
            [0.760416666666667, 0.09375, 0.145833333333333],
            [0.175257731958763, 0.371134020618557, 0.45360824742268],
            [0.0139082058414465, 0.023643949930459, 0.962447844228095]
          ],
          "cm_std_normalized": [
            [0, 0, 0],
            [0, 0, 0],
            [0, 0, 0]
          ]
        },
        "full_test_acc": 0.82262443438914,
        "full_test_f1": 0.724166409008804
      },
      {
        "fusion_method": "concat",
        "seed": 44,
        "cv_val_f1_folds": [0.713000189757822, 0.68562240043223, 0.692555954823106, 0.685331373366775, 0.70881339591608],
        "cv_test_f1_folds": [0.726214369902877, 0.708479751269653, 0.724585912929856, 0.664821452878413, 0.725369424209586],
        "cv_val_f1_mean": 0.697064662859202,
        "cv_val_f1_std": 0.0130470077593865,
        "cv_test_f1_mean": 0.709894182238077,
        "cv_test_f1_std": 0.026245143060692,
        "cv_val_confusion": {
          "cm_mean": [
            [87, 23.4, 26.8],
            [18.8, 60, 33],
            [14.8, 24.8, 347.2]
          ],
          "cm_std": [
            [11.5758369027902, 10.0895986045036, 4.32434966208793],
            [6.83373982530796, 9.4339811320566, 4.18330013267038],
            [5.76194411635517, 9.25742944882649, 10.8258948821795]
          ],
          "cm_mean_normalized": [
            [0.634110787172012, 0.170553935860058, 0.19533527696793],
            [0.168157423971377, 0.536672629695886, 0.295169946332737],
            [0.0382626680455016, 0.0641158221302999, 0.897621509824199]
          ],
          "cm_std_normalized": [
            [0.0843719890873923, 0.0735393484293262, 0.0315185835429149],
            [0.0611246853784254, 0.0843826577107031, 0.037417711383456],
            [0.0148964429068128, 0.0239333749969661, 0.0279883528494816]
          ]
        },
        "cv_val_oof_ens_acc": 0.777288455489148,
        "cv_val_oof_ens_f1": 0.698391967420499,
        "cv_val_oof_ens_confusion": {
          "cm_mean": [
            [435, 117, 134],
            [94, 300, 165],
            [74, 124, 1736]
          ],
          "cm_std": [
            [0, 0, 0],
            [0, 0, 0],
            [0, 0, 0]
          ],
          "cm_mean_normalized": [
            [0.634110787172012, 0.170553935860058, 0.19533527696793],
            [0.168157423971377, 0.536672629695886, 0.295169946332737],
            [0.0382626680455016, 0.0641158221302999, 0.897621509824199]
          ],
          "cm_std_normalized": [
            [0, 0, 0],
            [0, 0, 0],
            [0, 0, 0]
          ]
        },
        "cv_test_ens_acc": 0.8289592760181,
        "cv_test_ens_f1": 0.725194365689568,
        "cv_test_ens_confusion": {
          "cm_mean": [
            [139, 25, 28],
            [33, 81, 80],
            [8, 15, 696]
          ],
          "cm_std": [
            [0, 0, 0],
            [0, 0, 0],
            [0, 0, 0]
          ],
          "cm_mean_normalized": [
            [0.723958333333333, 0.130208333333333, 0.145833333333333],
            [0.170103092783505, 0.417525773195876, 0.412371134020619],
            [0.0111265646731572, 0.0208623087621697, 0.968011126564673]
          ],
          "cm_std_normalized": [
            [0, 0, 0],
            [0, 0, 0],
            [0, 0, 0]
          ]
        },
        "full_test_acc": 0.818099547511312,
        "full_test_f1": 0.703762270738398
      }
    ],
    "add": [
      {
        "fusion_method": "add",
        "seed": 42,
        "cv_val_f1_folds": [0.68265167975235, 0.724026273443308, 0.690451769060732, 0.703153454974492, 0.696108628452591],
        "cv_test_f1_folds": [0.722599183647233, 0.701828466911715, 0.715611901616141, 0.69367914401027, 0.709894561143204],
        "cv_val_f1_mean": 0.699278361136695,
        "cv_val_f1_std": 0.0157470472042236,
        "cv_test_f1_mean": 0.708722651465712,
        "cv_test_f1_std": 0.0113493411982665,
        "cv_val_confusion": {
          "cm_mean": [
            [86.6, 22.8, 27.8],
            [20.6, 60.6, 30.6],
            [13.6, 25.2, 348]
          ],
          "cm_std": [
            [2.40831891575846, 1.78885438199983, 2.16794833886788],
            [7.16240183178799, 7.02139587261678, 3.78153408023781],
            [4.03732584763727, 5.26307894677631, 4.63680924774785]
          ],
          "cm_mean_normalized": [
            [0.631195335276968, 0.166180758017493, 0.202623906705539],
            [0.184257602862254, 0.542039355992844, 0.273703041144902],
            [0.0351602895553258, 0.0651499482936918, 0.899689762150982]
          ],
          "cm_std_normalized": [
            [0.0175533448670442, 0.0130382972448967, 0.0158013727322732],
            [0.0640644171000715, 0.0628031831182181, 0.0338240973187639],
            [0.0104377607229505, 0.0136067190971466, 0.0119876143943843]
          ]
        },
        "cv_val_oof_ens_acc": 0.778861277131173,
        "cv_val_oof_ens_f1": 0.699561827241623,
        "cv_val_oof_ens_confusion": {
          "cm_mean": [
            [433, 114, 139],
            [103, 303, 153],
            [68, 126, 1740]
          ],
          "cm_std": [
            [0, 0, 0],
            [0, 0, 0],
            [0, 0, 0]
          ],
          "cm_mean_normalized": [
            [0.631195335276968, 0.166180758017493, 0.202623906705539],
            [0.184257602862254, 0.542039355992844, 0.273703041144902],
            [0.0351602895553258, 0.0651499482936918, 0.899689762150982]
          ],
          "cm_std_normalized": [
            [0, 0, 0],
            [0, 0, 0],
            [0, 0, 0]
          ]
        },
        "cv_test_ens_acc": 0.829864253393665,
        "cv_test_ens_f1": 0.7299481963072,
        "cv_test_ens_confusion": {
          "cm_mean": [
            [147, 22, 23],
            [34, 81, 79],
            [14, 16, 689]
          ],
          "cm_std": [
            [0, 0, 0],
            [0, 0, 0],
            [0, 0, 0]
          ],
          "cm_mean_normalized": [
            [0.765625, 0.114583333333333, 0.119791666666667],
            [0.175257731958763, 0.417525773195876, 0.407216494845361],
            [0.019471488178025, 0.0222531293463143, 0.958275382475661]
          ],
          "cm_std_normalized": [
            [0, 0, 0],
            [0, 0, 0],
            [0, 0, 0]
          ]
        },
        "full_test_acc": 0.829864253393665,
        "full_test_f1": 0.732488375920468
      },
      {
        "fusion_method": "add",
        "seed": 43,
        "cv_val_f1_folds": [0.757190055874476, 0.710995931698793, 0.707471938509132, 0.70790672822774, 0.697304270777955],
        "cv_test_f1_folds": [0.695171289201166, 0.731473218569561, 0.720350061944339, 0.724608998021357, 0.71914419852448],
        "cv_val_f1_mean": 0.716173785017619,
        "cv_val_f1_std": 0.0235014338299793,
        "cv_test_f1_mean": 0.718149553252181,
        "cv_test_f1_std": 0.0137211211343655,
        "cv_val_confusion": {
          "cm_mean": [
            [90.8, 21, 25.4],
            [17, 63.4, 31.4],
            [15.2, 24.8, 346.8]
          ],
          "cm_std": [
            [6.79705818718657, 2, 5.72712842531054],
            [2.23606797749979, 3.84707681233427, 5.02991053598372],
            [3.56370593624109, 5.01996015920445, 6.76017751246223]
          ],
          "cm_mean_normalized": [
            [0.661807580174927, 0.153061224489796, 0.185131195335277],
            [0.152057245080501, 0.567084078711986, 0.280858676207513],
            [0.0392967942088935, 0.0641158221302999, 0.896587383660807]
          ],
          "cm_std_normalized": [
            [0.049541240431389, 0.0145772594752187, 0.0417429185518261],
            [0.0200006080277262, 0.0344103471586249, 0.044990255241357],
            [0.00921330386825515, 0.0129781803495462, 0.0174771910870275]
          ]
        },
        "cv_val_oof_ens_acc": 0.787983642654923,
        "cv_val_oof_ens_f1": 0.716403564603092,
        "cv_val_oof_ens_confusion": {
          "cm_mean": [
            [454, 105, 127],
            [85, 317, 157],
            [76, 124, 1734]
          ],
          "cm_std": [
            [0, 0, 0],
            [0, 0, 0],
            [0, 0, 0]
          ],
          "cm_mean_normalized": [
            [0.661807580174927, 0.153061224489796, 0.185131195335277],
            [0.152057245080501, 0.567084078711986, 0.280858676207513],
            [0.0392967942088935, 0.0641158221302999, 0.896587383660807]
          ],
          "cm_std_normalized": [
            [0, 0, 0],
            [0, 0, 0],
            [0, 0, 0]
          ]
        },
        "cv_test_ens_acc": 0.830769230769231,
        "cv_test_ens_f1": 0.734012921094602,
        "cv_test_ens_confusion": {
          "cm_mean": [
            [143, 28, 21],
            [29, 86, 79],
            [12, 18, 689]
          ],
          "cm_std": [
            [0, 0, 0],
            [0, 0, 0],
            [0, 0, 0]
          ],
          "cm_mean_normalized": [
            [0.744791666666667, 0.145833333333333, 0.109375],
            [0.149484536082474, 0.443298969072165, 0.407216494845361],
            [0.0166898470097357, 0.0250347705146036, 0.958275382475661]
          ],
          "cm_std_normalized": [
            [0, 0, 0],
            [0, 0, 0],
            [0, 0, 0]
          ]
        },
        "full_test_acc": 0.826244343891403,
        "full_test_f1": 0.724163782488279
      },
      {
        "fusion_method": "add",
        "seed": 44,
        "cv_val_f1_folds": [0.720915844479063, 0.693016857097919, 0.680243935084812, 0.703012455953632, 0.70831017775922],
        "cv_test_f1_folds": [0.721872754997918, 0.715937382558132, 0.707636790284781, 0.669353426213852, 0.700800525982336],
        "cv_val_f1_mean": 0.701099854074929,
        "cv_val_f1_std": 0.0153998740768235,
        "cv_test_f1_mean": 0.703120176007404,
        "cv_test_f1_std": 0.0205055722606641,
        "cv_val_confusion": {
          "cm_mean": [
            [87.4, 22.2, 27.6],
            [18.6, 60.2, 33],
            [15, 23.6, 348.2]
          ],
          "cm_std": [
            [8.64869932417586, 6.53452370108182, 2.88097205817759],
            [4.56070170039655, 6.61059755241536, 4.52769256906871],
            [5.33853912601566, 7.09224929059886, 9.47100839404126]
          ],
          "cm_mean_normalized": [
            [0.637026239067055, 0.161807580174927, 0.201166180758017],
            [0.166368515205725, 0.538461538461538, 0.295169946332737],
            [0.0387797311271975, 0.0610134436401241, 0.900206825232678]
          ],
          "cm_std_normalized": [
            [0.0630371670858299, 0.0476277237688179, 0.0209983386164547],
            [0.0407933962468386, 0.059128779538599, 0.0404981446249437],
            [0.0138018074612607, 0.0183357013717654, 0.0244855439349567]
          ]
        },
        "cv_val_oof_ens_acc": 0.779804970116389,
        "cv_val_oof_ens_f1": 0.701703180240317,
        "cv_val_oof_ens_confusion": {
          "cm_mean": [
            [437, 111, 138],
            [93, 301, 165],
            [75, 118, 1741]
          ],
          "cm_std": [
            [0, 0, 0],
            [0, 0, 0],
            [0, 0, 0]
          ],
          "cm_mean_normalized": [
            [0.637026239067055, 0.161807580174927, 0.201166180758017],
            [0.166368515205725, 0.538461538461538, 0.295169946332737],
            [0.0387797311271975, 0.0610134436401241, 0.900206825232678]
          ],
          "cm_std_normalized": [
            [0, 0, 0],
            [0, 0, 0],
            [0, 0, 0]
          ]
        },
        "cv_test_ens_acc": 0.826244343891403,
        "cv_test_ens_f1": 0.718506406696463,
        "cv_test_ens_confusion": {
          "cm_mean": [
            [142, 24, 26],
            [35, 76, 83],
            [10, 14, 695]
          ],
          "cm_std": [
            [0, 0, 0],
            [0, 0, 0],
            [0, 0, 0]
          ],
          "cm_mean_normalized": [
            [0.739583333333333, 0.125, 0.135416666666667],
            [0.180412371134021, 0.391752577319588, 0.427835051546392],
            [0.0139082058414465, 0.019471488178025, 0.966620305980529]
          ],
          "cm_std_normalized": [
            [0, 0, 0],
            [0, 0, 0],
            [0, 0, 0]
          ]
        },
        "full_test_acc": 0.825339366515837,
        "full_test_f1": 0.724842876822639
      }
    ],
    "mul": [
      {
        "fusion_method": "mul",
        "seed": 42,
        "cv_val_f1_folds": [0.688401003452651, 0.689797901851052, 0.697167908350135, 0.700381246351658, 0.665564152665857],
        "cv_test_f1_folds": [0.745201566495545, 0.699994796887112, 0.697894205473301, 0.690769772469119, 0.71144313377974],
        "cv_val_f1_mean": 0.688262442534271,
        "cv_val_f1_std": 0.013635999456897,
        "cv_test_f1_mean": 0.709060695020963,
        "cv_test_f1_std": 0.0215248545347613,
        "cv_val_confusion": {
          "cm_mean": [
            [85.4, 25.6, 26.2],
            [21.4, 58.4, 32],
            [14.8, 24.8, 347.2]
          ],
          "cm_std": [
            [8.59069263796581, 7.95612971236643, 1.92353840616713],
            [6.02494813255683, 4.61519230368573, 1.58113883008419],
            [4.20713679359253, 6.22093240599832, 4.14728827066554]
          ],
          "cm_mean_normalized": [
            [0.622448979591837, 0.186588921282799, 0.190962099125364],
            [0.191413237924866, 0.522361359570662, 0.286225402504472],
            [0.0382626680455016, 0.0641158221302999, 0.897621509824199]
          ],
          "cm_std_normalized": [
            [0.0626143778277392, 0.0579892836178312, 0.0140199592286234],
            [0.0538904126346765, 0.0412807898361872, 0.0141425655642593],
            [0.0108767755780572, 0.016083072404339, 0.0107220482695593]
          ]
        },
        "cv_val_oof_ens_acc": 0.772255426234665,
        "cv_val_oof_ens_f1": 0.688660169993007,
        "cv_val_oof_ens_confusion": {
          "cm_mean": [
            [427, 128, 131],
            [107, 292, 160],
            [74, 124, 1736]
          ],
          "cm_std": [
            [0, 0, 0],
            [0, 0, 0],
            [0, 0, 0]
          ],
          "cm_mean_normalized": [
            [0.622448979591837, 0.186588921282799, 0.190962099125364],
            [0.191413237924866, 0.522361359570662, 0.286225402504472],
            [0.0382626680455016, 0.0641158221302999, 0.897621509824199]
          ],
          "cm_std_normalized": [
            [0, 0, 0],
            [0, 0, 0],
            [0, 0, 0]
          ]
        },
        "cv_test_ens_acc": 0.821719457013575,
        "cv_test_ens_f1": 0.713438336132967,
        "cv_test_ens_confusion": {
          "cm_mean": [
            [142, 28, 22],
            [37, 77, 80],
            [11, 19, 689]
          ],
          "cm_std": [
            [0, 0, 0],
            [0, 0, 0],
            [0, 0, 0]
          ],
          "cm_mean_normalized": [
            [0.739583333333333, 0.145833333333333, 0.114583333333333],
            [0.190721649484536, 0.396907216494845, 0.412371134020619],
            [0.0152990264255911, 0.0264255910987483, 0.958275382475661]
          ],
          "cm_std_normalized": [
            [0, 0, 0],
            [0, 0, 0],
            [0, 0, 0]
          ]
        },
        "full_test_acc": 0.819909502262443,
        "full_test_f1": 0.713252792158581
      },
      {
        "fusion_method": "mul",
        "seed": 43,
        "cv_val_f1_folds": [0.757461791861499, 0.691782237459536, 0.693924947630832, 0.702111366311441, 0.687762267399899],
