{
  "benchmark_type": "kfold_plus_full_multiseed",
  "methods": [
    "sent",
    "term",
    "concat",
    "add",
    "mul",
    "cross",
    "gated_concat",
    "bilinear",
    "coattn",
    "late_interaction"
  ],
  "seeds": [42, 43, 44],
  "k_folds": 5,
  "config": {
    "model_name": "roberta-base",
    "fusion_method": "concat",
    "epochs": 10,
    "train_batch_size": 16,
    "eval_batch_size": 32,
    "lr": 0.00002,
    "warmup_ratio": 0.1,
    "dropout": 0.1,
    "freeze_epochs": 3,
    "rolling_k": 3,
    "early_stop_patience": 5,
    "k_folds": 5,
    "seed": 42,
    "max_len_sent": 24,
    "max_len_term": 4,
    "output_dir": "/kaggle/working/A-MoE-ASC/saved_model",
    "output_name": "phase1_locked_baseline",
    "verbose_report": false,
    "train_full_only": false,
    "head_type": "linear",
    "do_ensemble_logits": true,
    "loss_type": "focal",
    "class_weights": "0.7,1.3,1.6",
    "focal_gamma": 0.5
  },
  "runs": {
    "sent": [
      {
        "fusion_method": "sent",
        "seed": 42,
        "cv_val_f1_folds": [0.668137264898501, 0.674604617374868, 0.683758127672641, 0.674481923892413, 0.703391301931278],
        "cv_test_f1_folds": [0.724343009416107, 0.702452139995607, 0.700797718911852, 0.703480796079726, 0.701007793348512],
        "cv_val_f1_mean": 0.68087464715394,
        "cv_val_f1_std": 0.013763496041283,
        "cv_test_f1_mean": 0.706416291550361,
        "cv_test_f1_std": 0.0100811588611979,
        "cv_val_confusion": {
          "cm_mean": [
            [84, 24, 29.2],
            [20.2, 56.4, 35.2],
            [16.2, 23.8, 346.8]
          ],
          "cm_std": [
            [8.45576726264388, 7.3824115301167, 1.6431676725155],
            [4.08656334834051, 4.33589667773576, 2.77488738510232],
            [5.71839138219832, 7.72657750883274, 7.46324326281812]
          ],
          "cm_mean_normalized": [
            [0.612244897959184, 0.174927113702624, 0.212827988338192],
            [0.180679785330948, 0.504472271914132, 0.31484794275492],
            [0.0418821096173733, 0.0615305067218201, 0.896587383660807]
          ],
          "cm_std_normalized": [
            [0.0616309567248096, 0.0538076642136786, 0.0119764407617748],
            [0.0365524449762121, 0.0387826178688351, 0.0248201018345467],
            [0.0147838453521156, 0.019975639888399, 0.019294837804597]
          ]
        },
        "cv_val_oof_ens_acc": 0.766278703994967,
        "cv_val_oof_ens_f1": 0.681189689198843,
        "cv_val_oof_ens_confusion": {
          "cm_mean": [
            [420, 120, 146],
            [101, 282, 176],
            [81, 119, 1734]
          ],
          "cm_std": [
            [0, 0, 0],
            [0, 0, 0],
            [0, 0, 0]
          ],
          "cm_mean_normalized": [
            [0.612244897959184, 0.174927113702624, 0.212827988338192],
            [0.180679785330948, 0.504472271914132, 0.31484794275492],
            [0.0418821096173733, 0.0615305067218201, 0.896587383660807]
          ],
          "cm_std_normalized": [
            [0, 0, 0],
            [0, 0, 0],
            [0, 0, 0]
          ]
        },
        "cv_test_ens_acc": 0.821719457013575,
        "cv_test_ens_f1": 0.707947899962023,
        "cv_test_ens_confusion": {
          "cm_mean": [
            [144, 26, 22],
            [36, 70, 88],
            [11, 14, 694]
          ],
          "cm_std": [
            [0, 0, 0],
            [0, 0, 0],
            [0, 0, 0]
          ],
          "cm_mean_normalized": [
            [0.75, 0.135416666666667, 0.114583333333333],
            [0.185567010309278, 0.360824742268041, 0.45360824742268],
            [0.0152990264255911, 0.019471488178025, 0.965229485396384]
          ],
          "cm_std_normalized": [
            [0, 0, 0],
            [0, 0, 0],
            [0, 0, 0]
          ]
        },
        "full_test_acc": 0.813574660633484,
        "full_test_f1": 0.707572481932183
      },
      {
        "fusion_method": "sent",
        "seed": 43,
        "cv_val_f1_folds": [0.706884706823595, 0.675863187860944, 0.67377824216381, 0.692466457552665, 0.686506085596947],
        "cv_test_f1_folds": [0.687777855887468, 0.701742215713659, 0.701878711485767, 0.667642766883515, 0.686928185221882],
        "cv_val_f1_mean": 0.687099735999592,
        "cv_val_f1_std": 0.0134566099336383,
        "cv_test_f1_mean": 0.689193947038458,
        "cv_test_f1_std": 0.014053065970251,
        "cv_val_confusion": {
          "cm_mean": [
            [86.6, 23.2, 27.4],
            [19, 56.2, 36.6],
            [14.8, 25.2, 346.8]
          ],
          "cm_std": [
            [3.13049516849971, 5.54075807087803, 5.12835256198323],
            [1.87082869338697, 4.54972526643093, 5.41294744108974],
            [2.68328157299975, 8.52642949891688, 8.52642949891688]
          ],
          "cm_mean_normalized": [
            [0.631195335276968, 0.169096209912536, 0.199708454810496],
            [0.16994633273703, 0.502683363148479, 0.32737030411449],
            [0.0382626680455016, 0.0651499482936918, 0.896587383660807]
          ],
          "cm_std_normalized": [
            [0.0228170201785693, 0.0403845340443005, 0.037378662988216],
            [0.0167337092431751, 0.040695217052155, 0.0484163456269208],
            [0.00693712919596626, 0.0220435095628668, 0.0220435095628668]
          ]
        },
        "cv_val_oof_ens_acc": 0.770053475935829,
        "cv_val_oof_ens_f1": 0.687125859233095,
        "cv_val_oof_ens_confusion": {
          "cm_mean": [
            [433, 116, 137],
            [95, 281, 183],
            [74, 126, 1734]
          ],
          "cm_std": [
            [0, 0, 0],
            [0, 0, 0],
            [0, 0, 0]
          ],
          "cm_mean_normalized": [
            [0.631195335276968, 0.169096209912536, 0.199708454810496],
            [0.16994633273703, 0.502683363148479, 0.32737030411449],
            [0.0382626680455016, 0.0651499482936918, 0.896587383660807]
          ],
          "cm_std_normalized": [
            [0, 0, 0],
            [0, 0, 0],
            [0, 0, 0]
          ]
        },
        "cv_test_ens_acc": 0.820814479638009,
        "cv_test_ens_f1": 0.712773253712009,
        "cv_test_ens_confusion": {
          "cm_mean": [
            [141, 28, 23],
            [31, 75, 88],
            [11, 17, 691]
          ],
          "cm_std": [
            [0, 0, 0],
            [0, 0, 0],
            [0, 0, 0]
          ],
          "cm_mean_normalized": [
            [0.734375, 0.145833333333333, 0.119791666666667],
            [0.15979381443299, 0.38659793814433, 0.45360824742268],
            [0.0152990264255911, 0.023643949930459, 0.96105702364395]
          ],
          "cm_std_normalized": [
            [0, 0, 0],
            [0, 0, 0],
            [0, 0, 0]
          ]
        },
        "full_test_acc": 0.820814479638009,
        "full_test_f1": 0.721570725668545
      },
      {
        "fusion_method": "sent",
        "seed": 44,
        "cv_val_f1_folds": [0.69060853420404, 0.66574732473139, 0.674287654229675, 0.694623898150395, 0.679329574152165],
        "cv_test_f1_folds": [0.709950840620906, 0.694712109213336, 0.72480395192804, 0.719935934458481, 0.699118234902222],
        "cv_val_f1_mean": 0.680919397093533,
        "cv_val_f1_std": 0.0118151603599259,
        "cv_test_f1_mean": 0.709704214224597,
        "cv_test_f1_std": 0.0129380946541505,
        "cv_val_confusion": {
          "cm_mean": [
            [84.8, 25.4, 27],
            [19.4, 57.4, 35],
            [17, 26.2, 343.6]
          ],
          "cm_std": [
            [6.30079360080935, 5.7706152185014, 2.82842712474619],
            [3.78153408023781, 4.03732584763727, 5.43139024560011],
            [3.08220700148449, 5.06951674225463, 5.68330889535313]
          ],
          "cm_mean_normalized": [
            [0.618075801749271, 0.185131195335277, 0.196793002915452],
            [0.173524150268336, 0.513416815742397, 0.313059033989267],
            [0.0439503619441572, 0.0677352637021717, 0.888314374353671]
          ],
          "cm_std_normalized": [
            [0.0459241516093976, 0.0420598776858703, 0.0206153580520859],
            [0.0338240973187639, 0.0361120379931777, 0.0485813081001799],
            [0.00796847725306227, 0.0131062997472974, 0.014693146058307]
          ]
        },
        "cv_val_oof_ens_acc": 0.764076753696131,
        "cv_val_oof_ens_f1": 0.68117101791891,
        "cv_val_oof_ens_confusion": {
          "cm_mean": [
            [424, 127, 135],
            [97, 287, 175],
            [85, 131, 1718]
          ],
          "cm_std": [
            [0, 0, 0],
            [0, 0, 0],
            [0, 0, 0]
          ],
          "cm_mean_normalized": [
            [0.618075801749271, 0.185131195335277, 0.196793002915452],
            [0.173524150268336, 0.513416815742397, 0.313059033989267],
            [0.0439503619441572, 0.0677352637021717, 0.888314374353671]
          ],
          "cm_std_normalized": [
            [0, 0, 0],
            [0, 0, 0],
            [0, 0, 0]
          ]
        },
        "cv_test_ens_acc": 0.828054298642534,
        "cv_test_ens_f1": 0.723114417442445,
        "cv_test_ens_confusion": {
          "cm_mean": [
            [144, 29, 19],
            [32, 78, 84],
            [9, 17, 693]
          ],
          "cm_std": [
            [0, 0, 0],
            [0, 0, 0],
            [0, 0, 0]
          ],
          "cm_mean_normalized": [
            [0.75, 0.151041666666667, 0.0989583333333333],
            [0.164948453608247, 0.402061855670103, 0.43298969072165],
            [0.0125173852573018, 0.023643949930459, 0.963838664812239]
          ],
          "cm_std_normalized": [
            [0, 0, 0],
            [0, 0, 0],
            [0, 0, 0]
          ]
        },
        "full_test_acc": 0.812669683257919,
        "full_test_f1": 0.697877674229378
      }
    ],
    "term": [
      {
        "fusion_method": "term",
        "seed": 42,
        "cv_val_f1_folds": [0.37583381888165, 0.39226647734922, 0.355911398212432, 0.410155619512436, 0.40374372465104],
        "cv_test_f1_folds": [0.390692574459404, 0.366075337439162, 0.395244992413107, 0.381296602608078, 0.383192821383652],
        "cv_val_f1_mean": 0.387582207721356,
        "cv_val_f1_std": 0.0219872732881103,
        "cv_test_f1_mean": 0.383300465660681,
        "cv_test_f1_std": 0.0111584843113135,
        "cv_val_confusion": {
          "cm_mean": [
            [8.6, 15.2, 113.4],
            [3, 27, 81.8],
            [6.8, 27, 353]
          ],
          "cm_std": [
            [1.14017542509914, 3.96232255123179, 3.43511280746353],
            [3.74165738677394, 6.59545297913646, 4.91934955049954],
            [4.81663783151692, 5.70087712549569, 4.89897948556636]
          ],
          "cm_mean_normalized": [
            [0.0626822157434402, 0.110787172011662, 0.826530612244898],
            [0.0268336314847943, 0.241502683363148, 0.731663685152057],
            [0.0175801447776629, 0.0698035160289555, 0.912616339193382]
          ],
          "cm_std_normalized": [
            [0.00831031650946894, 0.0288799019769081, 0.0250372653605214],
            [0.0334674184863501, 0.0589933182391454, 0.0440013376609977],
            [0.0124525280028876, 0.0147385654743942, 0.0126654071498613]
          ]
        },
        "cv_val_oof_ens_acc": 0.611198490091224,
        "cv_val_oof_ens_f1": 0.387987533699521,
        "cv_val_oof_ens_confusion": {
          "cm_mean": [
            [43, 76, 567],
            [15, 135, 409],
            [34, 135, 1765]
          ],
          "cm_std": [
            [0, 0, 0],
            [0, 0, 0],
            [0, 0, 0]
          ],
          "cm_mean_normalized": [
            [0.0626822157434402, 0.110787172011662, 0.826530612244898],
            [0.0268336314847943, 0.241502683363148, 0.731663685152057],
            [0.0175801447776629, 0.0698035160289555, 0.912616339193382]
          ],
          "cm_std_normalized": [
            [0, 0, 0],
            [0, 0, 0],
            [0, 0, 0]
          ]
        },
        "cv_test_ens_acc": 0.657918552036199,
        "cv_test_ens_f1": 0.369396825396825,
        "cv_test_ens_confusion": {
          "cm_mean": [
            [11, 5, 176],
            [1, 27, 166],
            [6, 24, 689]
          ],
          "cm_std": [
            [0, 0, 0],
            [0, 0, 0],
            [0, 0, 0]
          ],
          "cm_mean_normalized": [
            [0.0572916666666667, 0.0260416666666667, 0.916666666666667],
            [0.00515463917525773, 0.139175257731959, 0.855670103092784],
            [0.00834492350486787, 0.0333796940194715, 0.958275382475661]
          ],
          "cm_std_normalized": [
            [0, 0, 0],
            [0, 0, 0],
            [0, 0, 0]
          ]
        },
        "full_test_acc": 0.649773755656109,
        "full_test_f1": 0.355502145876043
      },
      {
        "fusion_method": "term",
        "seed": 43,
        "cv_val_f1_folds": [0.421333119234267, 0.390402160928612, 0.392024165300942, 0.392361605882903, 0.394866696932792],
        "cv_test_f1_folds": [0.365342527864958, 0.371899504549728, 0.379631433281292, 0.371270537850154, 0.393601579996787],
        "cv_val_f1_mean": 0.398197549655903,
        "cv_val_f1_std": 0.0130315593762184,
        "cv_test_f1_mean": 0.376349116708584,
        "cv_test_f1_std": 0.0108990492836811,
        "cv_val_confusion": {
          "cm_mean": [
            [9.8, 13.4, 114],
            [2.2, 28.2, 81.4],
            [5.8, 26, 355]
          ],
          "cm_std": [
            [3.42052627529741, 3.20936130717624, 2.12132034355964],
            [0.836660026534076, 6.61059755241536, 6.65582451691749],
            [2.77488738510232, 9.2736184954957, 8.88819441731559]
          ],
          "cm_mean_normalized": [
            [0.0714285714285714, 0.097667638483965, 0.830903790087464],
            [0.0196779964221825, 0.252236135957066, 0.728085867620751],
            [0.014994829369183, 0.0672182006204757, 0.917786970010341]
          ],
          "cm_std_normalized": [
            [0.0249309495284068, 0.0233918462622175, 0.0154615185390645],
            [0.00748354227669119, 0.059128779538599, 0.0595333141048076],
            [0.00717395911350135, 0.0239752287887686, 0.0229787859806504]
          ]
        },
        "cv_val_oof_ens_acc": 0.618118905316137,
        "cv_val_oof_ens_f1": 0.399469547127331,
        "cv_val_oof_ens_confusion": {
          "cm_mean": [
            [49, 67, 570],
            [11, 141, 407],
            [29, 130, 1775]
          ],
          "cm_std": [
            [0, 0, 0],
            [0, 0, 0],
            [0, 0, 0]
          ],
          "cm_mean_normalized": [
            [0.0714285714285714, 0.097667638483965, 0.830903790087464],
            [0.0196779964221825, 0.252236135957066, 0.728085867620751],
            [0.014994829369183, 0.0672182006204757, 0.917786970010341]
          ],
          "cm_std_normalized": [
            [0, 0, 0],
            [0, 0, 0],
            [0, 0, 0]
          ]
        },
        "cv_test_ens_acc": 0.655203619909502,
        "cv_test_ens_f1": 0.368777060677413,
        "cv_test_ens_confusion": {
          "cm_mean": [
            [12, 5, 175],
            [1, 26, 167],
            [9, 24, 686]
          ],
          "cm_std": [
            [0, 0, 0],
            [0, 0, 0],
            [0, 0, 0]
          ],
          "cm_mean_normalized": [
            [0.0625, 0.0260416666666667, 0.911458333333333],
            [0.00515463917525773, 0.134020618556701, 0.860824742268041],
            [0.0125173852573018, 0.0333796940194715, 0.954102920723227]
          ],
          "cm_std_normalized": [
            [0, 0, 0],
            [0, 0, 0],
            [0, 0, 0]
          ]
        },
        "full_test_acc": 0.652488687782805,
        "full_test_f1": 0.367251873264477
      },
      {
        "fusion_method": "term",
        "seed": 44,
        "cv_val_f1_folds": [0.392449936226342, 0.389800254993625, 0.252199413489736, 0.409119011487395, 0.435892699254768],
        "cv_test_f1_folds": [0.403968806084979, 0.372162407375264, 0.262792397660819, 0.394265525484206, 0.393415112736412],
        "cv_val_f1_mean": 0.375892263090373,
        "cv_val_f1_std": 0.0715394628330074,
        "cv_test_f1_mean": 0.365320849868336,
        "cv_test_f1_std": 0.0584799897262341,
        "cv_val_confusion": {
          "cm_mean": [
            [9.6, 10.6, 117],
            [3, 22.6, 86.2],
            [9.6, 18.8, 358.4]
          ],
          "cm_std": [
            [5.50454357780915, 6.10737259384099, 11.4017542509914],
            [3.53553390593274, 13.0881625906771, 15.2381101190404],
            [8.61974477580398, 11.9037809119624, 18.5553226864962]
          ],
          "cm_mean_normalized": [
            [0.0699708454810496, 0.0772594752186589, 0.852769679300292],
            [0.0268336314847943, 0.202146690518784, 0.771019677996422],
            [0.0248190279214064, 0.0486039296794209, 0.926577042399173]
          ],
          "cm_std_normalized": [
            [0.0401205800131863, 0.0445143775061297, 0.0831031650946894],
            [0.0316237379779315, 0.117067643923767, 0.136297943819681],
            [0.0222847589860496, 0.0307750282108645, 0.047971361650714]
          ]
        },
        "cv_val_oof_ens_acc": 0.614344133375275,
        "cv_val_oof_ens_f1": 0.384065736874959,
        "cv_val_oof_ens_confusion": {
          "cm_mean": [
            [48, 53, 585],
            [15, 113, 431],
            [48, 94, 1792]
          ],
          "cm_std": [
            [0, 0, 0],
            [0, 0, 0],
            [0, 0, 0]
          ],
          "cm_mean_normalized": [
            [0.0699708454810496, 0.0772594752186589, 0.852769679300292],
            [0.0268336314847943, 0.202146690518784, 0.771019677996422],
            [0.0248190279214064, 0.0486039296794209, 0.926577042399173]
          ],
          "cm_std_normalized": [
            [0, 0, 0],
            [0, 0, 0],
            [0, 0, 0]
          ]
        },
        "cv_test_ens_acc": 0.650678733031674,
        "cv_test_ens_f1": 0.34718463967001,
        "cv_test_ens_confusion": {
          "cm_mean": [
            [8, 2, 182],
            [0, 22, 172],
            [6, 24, 689]
          ],
          "cm_std": [
            [0, 0, 0],
            [0, 0, 0],
            [0, 0, 0]
          ],
          "cm_mean_normalized": [
            [0.0416666666666667, 0.0104166666666667, 0.947916666666667],
            [0, 0.11340206185567, 0.88659793814433],
            [0.00834492350486787, 0.0333796940194715, 0.958275382475661]
          ],
          "cm_std_normalized": [
            [0, 0, 0],
            [0, 0, 0],
            [0, 0, 0]
          ]
        },
        "full_test_acc": 0.652488687782805,
        "full_test_f1": 0.369358226297997
      }
    ],
    "concat": [
      {
        "fusion_method": "concat",
        "seed": 42,
        "cv_val_f1_folds": [0.666874879815613, 0.713270738976477, 0.703033140491872, 0.705456666776007, 0.696052920486668],
        "cv_test_f1_folds": [0.720618073981583, 0.702263462832642, 0.733574207184223, 0.72063498418504, 0.748182355635062],
        "cv_val_f1_mean": 0.696937669309327,
        "cv_val_f1_std": 0.0178958888026627,
        "cv_test_f1_mean": 0.72505461676371,
        "cv_test_f1_std": 0.0170743117557666,
        "cv_val_confusion": {
          "cm_mean": [
            [86.6, 23, 27.6],
            [19.4, 59.2, 33.2],
            [14.4, 24.2, 348.2]
          ],
          "cm_std": [
            [2.19089023002066, 2, 3.64691650576209],
            [7.95612971236643, 3.76828873628335, 4.76445169982864],
            [3.36154726279432, 7.12039324756716, 5.93295878967653]
          ],
          "cm_mean_normalized": [
            [0.631195335276968, 0.167638483965015, 0.201166180758018],
            [0.173524150268336, 0.529516994633274, 0.29695885509839],
            [0.0372285418821096, 0.062564632885212, 0.900206825232678]
          ],
          "cm_std_normalized": [
            [0.0159685876823664, 0.0145772594752187, 0.0265810240944759],
            [0.0711639509156211, 0.0337056237592429, 0.0426158470467678],
            [0.00869065993483537, 0.0184084623773711, 0.0153385697768266]
          ]
        },
        "cv_val_oof_ens_acc": 0.776973891160742,
        "cv_val_oof_ens_f1": 0.696691980481659,
        "cv_val_oof_ens_confusion": {
          "cm_mean": [
            [433, 115, 138],
            [97, 296, 166],
            [72, 121, 1741]
          ],
          "cm_std": [
            [0, 0, 0],
            [0, 0, 0],
            [0, 0, 0]
          ],
          "cm_mean_normalized": [
            [0.631195335276968, 0.167638483965015, 0.201166180758017],
            [0.173524150268336, 0.529516994633274, 0.29695885509839],
            [0.0372285418821096, 0.062564632885212, 0.900206825232678]
          ],
          "cm_std_normalized": [
            [0, 0, 0],
            [0, 0, 0],
            [0, 0, 0]
          ]
        },
        "cv_test_ens_acc": 0.833484162895928,
        "cv_test_ens_f1": 0.730305064683874,
        "cv_test_ens_confusion": {
          "cm_mean": [
            [143, 25, 24],
            [31, 79, 84],
            [7, 13, 699]
          ],
          "cm_std": [
            [0, 0, 0],
            [0, 0, 0],
            [0, 0, 0]
          ],
          "cm_mean_normalized": [
            [0.744791666666667, 0.130208333333333, 0.125],
            [0.15979381443299, 0.407216494845361, 0.43298969072165],
            [0.00973574408901252, 0.0180806675938804, 0.972183588317107]
          ],
          "cm_std_normalized": [
            [0, 0, 0],
            [0, 0, 0],
            [0, 0, 0]
          ]
        },
        "full_test_acc": 0.825339366515837,
        "full_test_f1": 0.723253070387158
      },
      {
        "fusion_method": "concat",
        "seed": 43,
        "cv_val_f1_folds": [0.74551281950386, 0.697245435663669, 0.697526752142689, 0.693173432038408, 0.708161980210112],
        "cv_test_f1_folds": [0.706584713207418, 0.726435327974319, 0.720349581500636, 0.716253363740617, 0.714897810744456],
        "cv_val_f1_mean": 0.708324083911748,
        "cv_val_f1_std": 0.0215167923089912,
        "cv_test_f1_mean": 0.716904159433489,
        "cv_test_f1_std": 0.00730845482101223,
        "cv_val_confusion": {
          "cm_mean": [
            [89.8, 22.4, 25],
            [17.6, 61.4, 32.8],
            [14.6, 25, 347.2]
          ],
          "cm_std": [
            [5.6302753041037, 5.7706152185014, 5.87367006223537],
            [3.64691650576209, 7.12741187248219, 5.44977063737549],
            [5.68330889535313, 2.82842712474619, 6.01664358259653]
          ],
          "cm_mean_normalized": [
            [0.654518950437318, 0.163265306122449, 0.182215743440233],
            [0.15742397137746, 0.549194991055456, 0.293381037567084],
            [0.0377456049638056, 0.0646328852119959, 0.897621509824199]
          ],
          "cm_std_normalized": [
            [0.0410369920124176, 0.0420598776858703, 0.0428110062845143],
            [0.0326200045238112, 0.0637514478755115, 0.0487457123199954],
            [0.014693146058307, 0.00731237622736864, 0.0155549213614181]
          ]
        },
        "cv_val_oof_ens_acc": 0.783894306385656,
        "cv_val_oof_ens_f1": 0.708851339281635,
        "cv_val_oof_ens_confusion": {
          "cm_mean": [
            [449, 112, 125],
            [88, 307, 164],
            [73, 125, 1736]
          ],
          "cm_std": [
            [0, 0, 0],
            [0, 0, 0],
            [0, 0, 0]
          ],
          "cm_mean_normalized": [
            [0.654518950437318, 0.163265306122449, 0.182215743440233],
            [0.15742397137746, 0.549194991055456, 0.293381037567084],
            [0.0377456049638056, 0.0646328852119959, 0.897621509824199]
          ],
          "cm_std_normalized": [
            [0, 0, 0],
            [0, 0, 0],
            [0, 0, 0]
          ]
        },
        "cv_test_ens_acc": 0.826244343891403,
        "cv_test_ens_f1": 0.724636660866278,
        "cv_test_ens_confusion": {
          "cm_mean": [
            [140, 27, 25],
            [32, 83, 79],
            [12, 17, 690]
          ],
          "cm_std": [
            [0, 0, 0],
            [0, 0, 0],
            [0, 0, 0]
          ],
          "cm_mean_normalized": [
            [0.729166666666667, 0.140625, 0.130208333333333],
            [0.164948453608247, 0.427835051546392, 0.407216494845361],
            [0.0166898470097357, 0.023643949930459, 0.959666203059805]
          ],
          "cm_std_normalized": [
            [0, 0, 0],
            [0, 0, 0],
            [0, 0, 0]
          ]
        },
        "full_test_acc": 0.820814479638009,
        "full_test_f1": 0.720877288827317
      },
      {
        "fusion_method": "concat",
        "seed": 44,
        "cv_val_f1_folds": [0.726537631990977, 0.674911525295431, 0.693482065713183, 0.699364482424077, 0.708199695906967],
        "cv_test_f1_folds": [0.71180848819416, 0.705337225567111, 0.727334998572497, 0.670922782115708, 0.717155334791047],
        "cv_val_f1_mean": 0.700499080266127,
        "cv_val_f1_std": 0.0189904873032095,
        "cv_test_f1_mean": 0.706511765848105,
        "cv_test_f1_std": 0.0214645239670312,
        "cv_val_confusion": {
          "cm_mean": [
            [85.4, 24.8, 27],
            [16.6, 61.2, 34],
            [14, 23.4, 349.4]
          ],
          "cm_std": [
            [10.9224539367305, 11.861703081767, 5.43139024560011],
            [5.7706152185014, 9.41806774237688, 7.07106781186548],
            [6.20483682299543, 9.39680796866681, 11.3269589917153]
          ],
          "cm_mean_normalized": [
            [0.622448979591837, 0.180758017492711, 0.196793002915452],
            [0.148479427549195, 0.547406082289803, 0.304114490161002],
            [0.0361944157187177, 0.0604963805584281, 0.903309203722854]
          ],
          "cm_std_normalized": [
            [0.0796097225709222, 0.086455561820459, 0.0395873924606422],
            [0.0516155207379374, 0.0842403196992566, 0.0632474759558629],
            [0.0160414602455931, 0.0242937124319204, 0.0292837616125008]
          ]
        },
        "cv_val_oof_ens_acc": 0.780119534444794,
        "cv_val_oof_ens_f1": 0.701492979189255,
        "cv_val_oof_ens_confusion": {
          "cm_mean": [
            [427, 124, 135],
            [83, 306, 170],
            [70, 117, 1747]
          ],
          "cm_std": [
            [0, 0, 0],
            [0, 0, 0],
            [0, 0, 0]
          ],
          "cm_mean_normalized": [
            [0.622448979591837, 0.180758017492711, 0.196793002915452],
            [0.148479427549195, 0.547406082289803, 0.304114490161002],
            [0.0361944157187177, 0.0604963805584281, 0.903309203722854]
          ],
          "cm_std_normalized": [
            [0, 0, 0],
            [0, 0, 0],
            [0, 0, 0]
          ]
        },
        "cv_test_ens_acc": 0.830769230769231,
        "cv_test_ens_f1": 0.727184447679461,
        "cv_test_ens_confusion": {
          "cm_mean": [
            [137, 28, 27],
            [32, 83, 79],
            [7, 14, 698]
          ],
          "cm_std": [
            [0, 0, 0],
            [0, 0, 0],
            [0, 0, 0]
          ],
          "cm_mean_normalized": [
            [0.713541666666667, 0.145833333333333, 0.140625],
            [0.164948453608247, 0.427835051546392, 0.407216494845361],
            [0.00973574408901252, 0.019471488178025, 0.970792767732962]
          ],
          "cm_std_normalized": [
            [0, 0, 0],
            [0, 0, 0],
            [0, 0, 0]
          ]
        },
        "full_test_acc": 0.823529411764706,
        "full_test_f1": 0.717824650095394
      }
    ],
    "add": [
      {
        "fusion_method": "add",
        "seed": 42,
        "cv_val_f1_folds": [0.672565752953876, 0.726295956543636, 0.684367781388193, 0.718351468351468, 0.694522972829147],
        "cv_test_f1_folds": [0.701142651433162, 0.675822087409744, 0.704519331119175, 0.686163899363455, 0.707133600858133],
        "cv_val_f1_mean": 0.699220786413264,
        "cv_val_f1_std": 0.0226507165917346,
        "cv_test_f1_mean": 0.694956314036734,
        "cv_test_f1_std": 0.0134297576749546,
        "cv_val_confusion": {
          "cm_mean": [
            [89, 20.4, 27.8],
            [20.2, 56.6, 35],
            [13.4, 22, 351.4]
          ],
          "cm_std": [
            [4.30116263352131, 3.286335345031, 4.38178046004133],
            [5.16720427310553, 8.44393273303382, 4.35889894354067],
            [6.10737259384099, 6.81909084849293, 7.95612971236643]
          ],
          "cm_mean_normalized": [
            [0.64868804664723, 0.14868804664723, 0.202623906705539],
            [0.180679785330948, 0.506261180679785, 0.313059033989267],
            [0.0346432264736298, 0.0568769389865564, 0.908479834539814]
          ],
          "cm_std_normalized": [
            [0.0313495818769775, 0.0239528815235495, 0.0319371753647327],
            [0.0462182850903893, 0.0755271264135404, 0.0389883626434765],
            [0.0157894844721846, 0.0176295006424326, 0.0205691047372452]
          ]
        },
        "cv_val_oof_ens_acc": 0.78169235608682,
        "cv_val_oof_ens_f1": 0.699849186906604,
        "cv_val_oof_ens_confusion": {
          "cm_mean": [
            [445, 102, 139],
            [101, 283, 175],
            [67, 110, 1757]
          ],
          "cm_std": [
            [0, 0, 0],
            [0, 0, 0],
            [0, 0, 0]
          ],
          "cm_mean_normalized": [
            [0.64868804664723, 0.14868804664723, 0.202623906705539],
            [0.180679785330948, 0.506261180679785, 0.313059033989267],
            [0.0346432264736298, 0.0568769389865564, 0.908479834539814]
          ],
          "cm_std_normalized": [
            [0, 0, 0],
            [0, 0, 0],
            [0, 0, 0]
          ]
        },
        "cv_test_ens_acc": 0.819004524886878,
        "cv_test_ens_f1": 0.703594864941228,
        "cv_test_ens_confusion": {
          "cm_mean": [
            [141, 24, 27],
            [33, 68, 93],
            [12, 11, 696]
          ],
          "cm_std": [
            [0, 0, 0],
            [0, 0, 0],
            [0, 0, 0]
          ],
          "cm_mean_normalized": [
            [0.734375, 0.125, 0.140625],
            [0.170103092783505, 0.350515463917526, 0.479381443298969],
            [0.0166898470097357, 0.0152990264255911, 0.968011126564673]
          ],
          "cm_std_normalized": [
            [0, 0, 0],
            [0, 0, 0],
            [0, 0, 0]
          ]
        },
        "full_test_acc": 0.824434389140272,
        "full_test_f1": 0.722140423095502
      },
      {
        "fusion_method": "add",
        "seed": 43,
        "cv_val_f1_folds": [0.735052508278443, 0.701149706159983, 0.712851437077336, 0.702068229105011, 0.701775883061413],
        "cv_test_f1_folds": [0.68201245818784, 0.730144950834606, 0.720604260478645, 0.712578029705102, 0.714769612435377],
        "cv_val_f1_mean": 0.710579552736437,
        "cv_val_f1_std": 0.014516854407728,
        "cv_test_f1_mean": 0.712021862328314,
        "cv_test_f1_std": 0.0181006055470934,
        "cv_val_confusion": {
          "cm_mean": [
            [90.4, 20.4, 26.4],
            [17.4, 59.4, 35],
            [15.4, 20.6, 350.8]
          ],
          "cm_std": [
            [4.33589667773576, 3.36154726279432, 6.26897120746299],
            [4.39317652729776, 4.15932686861708, 4.69041575982343],
            [2.07364413533277, 6.50384501660364, 8.1363382427232]
          ],
          "cm_mean_normalized": [
            [0.658892128279883, 0.14868804664723, 0.192419825072886],
            [0.155635062611807, 0.531305903398927, 0.313059033989267],
            [0.0398138572905895, 0.0532574974146846, 0.906928645294726]
          ],
          "cm_std_normalized": [
            [0.0316027454645464, 0.0245010733439819, 0.0456922099669314],
            [0.0392949599937188, 0.0372032814724247, 0.0419536293365244],
            [0.00536102413477966, 0.0168144907357902, 0.021035000627516]
          ]
        },
        "cv_val_oof_ens_acc": 0.787354513998113,
        "cv_val_oof_ens_f1": 0.710754419049482,
        "cv_val_oof_ens_confusion": {
          "cm_mean": [
            [452, 102, 132],
            [87, 297, 175],
            [77, 103, 1754]
          ],
          "cm_std": [
            [0, 0, 0],
            [0, 0, 0],
            [0, 0, 0]
          ],
          "cm_mean_normalized": [
            [0.658892128279883, 0.14868804664723, 0.192419825072886],
            [0.155635062611807, 0.531305903398927, 0.313059033989267],
            [0.0398138572905895, 0.0532574974146846, 0.906928645294726]
          ],
          "cm_std_normalized": [
            [0, 0, 0],
            [0, 0, 0],
            [0, 0, 0]
          ]
        },
        "cv_test_ens_acc": 0.826244343891403,
        "cv_test_ens_f1": 0.716955072142728,
        "cv_test_ens_confusion": {
          "cm_mean": [
            [142, 27, 23],
            [31, 74, 89],
            [12, 10, 697]
          ],
          "cm_std": [
            [0, 0, 0],
            [0, 0, 0],
            [0, 0, 0]
          ],
          "cm_mean_normalized": [
            [0.739583333333333, 0.140625, 0.119791666666667],
            [0.15979381443299, 0.381443298969072, 0.458762886597938],
            [0.0166898470097357, 0.0139082058414465, 0.969401947148818]
          ],
          "cm_std_normalized": [
            [0, 0, 0],
            [0, 0, 0],
            [0, 0, 0]
          ]
        },
        "full_test_acc": 0.824434389140272,
        "full_test_f1": 0.718118730394008
      },
      {
        "fusion_method": "add",
        "seed": 44,
        "cv_val_f1_folds": [0.706556282728915, 0.686382049130262, 0.686601690662973, 0.726128958391062, 0.718778077268643],
        "cv_test_f1_folds": [0.724292506634856, 0.699461751854567, 0.704219514853714, 0.714313931960991, 0.716585547759986],
        "cv_val_f1_mean": 0.704889411636371,
        "cv_val_f1_std": 0.0181917223206208,
        "cv_test_f1_mean": 0.711774650612823,
        "cv_test_f1_std": 0.00993701354386381,
        "cv_val_confusion": {
          "cm_mean": [
            [86.4, 24.8, 26],
            [17, 60.8, 34],
            [13.6, 21.8, 351.4]
          ],
          "cm_std": [
            [8.5615419172016, 8.04363102087608, 2.44948974278318],
            [5.61248608016091, 2.94957624075053, 3.67423461417477],
            [2.88097205817759, 7.22495674727538, 9.555103348473]
          ],
          "cm_mean_normalized": [
            [0.629737609329446, 0.180758017492711, 0.189504373177843],
            [0.152057245080501, 0.543828264758497, 0.304114490161002],
            [0.0351602895553258, 0.0563598759048604, 0.908479834539814]
          ],
          "cm_std_normalized": [
            [0.0624019090175044, 0.0586270482571143, 0.0178534237812185],
            [0.0502011277295252, 0.0263826139602015, 0.0328643525418137],
            [0.00744822145340638, 0.0186787920043314, 0.0247029559164245]
          ]
        },
        "cv_val_oof_ens_acc": 0.784208870714061,
        "cv_val_oof_ens_f1": 0.705001769668581,
        "cv_val_oof_ens_confusion": {
          "cm_mean": [
            [432, 124, 130],
            [85, 304, 170],
            [68, 109, 1757]
          ],
          "cm_std": [
            [0, 0, 0],
            [0, 0, 0],
            [0, 0, 0]
          ],
          "cm_mean_normalized": [
            [0.629737609329446, 0.180758017492711, 0.189504373177843],
            [0.152057245080501, 0.543828264758497, 0.304114490161002],
            [0.0351602895553258, 0.0563598759048604, 0.908479834539814]
          ],
          "cm_std_normalized": [
            [0, 0, 0],
            [0, 0, 0],
            [0, 0, 0]
          ]
        },
        "cv_test_ens_acc": 0.8289592760181,
        "cv_test_ens_f1": 0.725717473543561,
        "cv_test_ens_confusion": {
          "cm_mean": [
            [138, 30, 24],
            [31, 83, 80],
            [9, 15, 695]
          ],
          "cm_std": [
            [0, 0, 0],
            [0, 0, 0],
            [0, 0, 0]
          ],
          "cm_mean_normalized": [
            [0.71875, 0.15625, 0.125],
            [0.15979381443299, 0.427835051546392, 0.412371134020619],
            [0.0125173852573018, 0.0208623087621697, 0.966620305980529]
          ],
          "cm_std_normalized": [
            [0, 0, 0],
            [0, 0, 0],
            [0, 0, 0]
          ]
        },
        "full_test_acc": 0.81447963800905,
        "full_test_f1": 0.702688801108947
      }
    ],
    "mul": [
      {
        "fusion_method": "mul",
        "seed": 42,
        "cv_val_f1_folds": [0.671082033572053, 0.716427793845285, 0.695516143344507, 0.252199413489736, 0.689154377876793],
        "cv_test_f1_folds": [0.697005065595825, 0.71234228869609, 0.705684938748973, 0.262792397660819, 0.708104092154909],
        "cv_val_f1_mean": 0.604875952425675,
        "cv_val_f1_std": 0.197817022034898,
        "cv_test_f1_mean": 0.617185756571323,
        "cv_test_f1_std": 0.198191062822238,
        "cv_val_confusion": {
          "cm_mean": [
            [64.6, 23.2, 49.4],
            [14.4, 49.8, 47.6],
            [9.4, 19.6, 357.8]
          ],
          "cm_std": [
            [36.3840624449772, 13.3491572767722, 49.013263511013],
            [8.96102672688794, 27.9857106395389, 36.1980662466933],
            [7.05691150575094, 11.0136279218067, 16.7092788593643]
          ],
          "cm_mean_normalized": [
            [0.470845481049563, 0.169096209912536, 0.360058309037901],
            [0.128801431127013, 0.445438282647585, 0.425760286225402],
            [0.0243019648397104, 0.0506721820062048, 0.925025853154085]
          ],
          "cm_std_normalized": [
            [0.265189959511496, 0.0972970646995058, 0.357239529963652],
            [0.0801522963049011, 0.250319415380491, 0.32377519004198],
            [0.0182443420520965, 0.0284737019695106, 0.043198756099701]
          ]
        },
        "cv_val_oof_ens_acc": 0.74268637936458,
        "cv_val_oof_ens_f1": 0.636753350002627,
        "cv_val_oof_ens_confusion": {
          "cm_mean": [
            [323, 116, 247],
            [72, 249, 238],
            [47, 98, 1789]
          ],
          "cm_std": [
            [0, 0, 0],
            [0, 0, 0],
            [0, 0, 0]
          ],
          "cm_mean_normalized": [
            [0.470845481049563, 0.169096209912536, 0.360058309037901],
            [0.128801431127013, 0.445438282647585, 0.425760286225403],
            [0.0243019648397104, 0.0506721820062048, 0.925025853154085]
          ],
          "cm_std_normalized": [
            [0, 0, 0],
            [0, 0, 0],
            [0, 0, 0]
          ]
        },
        "cv_test_ens_acc": 0.818099547511312,
        "cv_test_ens_f1": 0.713984176391172,
        "cv_test_ens_confusion": {
          "cm_mean": [
            [126, 40, 26],
            [28, 90, 76],
            [9, 22, 688]
          ],
          "cm_std": [
            [0, 0, 0],
            [0, 0, 0],
            [0, 0, 0]
          ],
          "cm_mean_normalized": [
            [0.65625, 0.208333333333333, 0.135416666666667],
            [0.144329896907216, 0.463917525773196, 0.391752577319588],
            [0.0125173852573018, 0.0305980528511822, 0.956884561891516]
          ],
          "cm_std_normalized": [
            [0, 0, 0],
            [0, 0, 0],
            [0, 0, 0]
          ]
        },
        "full_test_acc": 0.825339366515837,
        "full_test_f1": 0.712371509147189
      },
      {
        "fusion_method": "mul",
        "seed": 43,
        "cv_val_f1_folds": [0.743841601035435, 0.686538722314795, 0.680309060959743, 0.701051045597613, 0.678713070681209],
