{
  "benchmark_type": "kfold_plus_full_multiseed",
  "methods": [
    "sent",
    "term",
    "concat",
    "add",
    "mul",
    "cross",
    "gated_concat",
    "bilinear",
    "coattn",
    "late_interaction"
  ],
  "seeds": [42, 43, 44],
  "k_folds": 5,
  "config": {
    "model_name": "roberta-base",
    "fusion_method": "concat",
    "epochs": 10,
    "train_batch_size": 16,
    "eval_batch_size": 32,
    "lr": 0.00002,
    "warmup_ratio": 0.1,
    "dropout": 0.1,
    "freeze_epochs": 3,
    "rolling_k": 3,
    "early_stop_patience": 5,
    "k_folds": 5,
    "seed": 42,
    "max_len_sent": 24,
    "max_len_term": 4,
    "output_dir": "/kaggle/working/A-MoE-ASC/saved_model",
    "output_name": "phase1_locked_baseline",
    "verbose_report": false,
    "train_full_only": false,
    "head_type": "linear",
    "do_ensemble_logits": true,
    "loss_type": "focal",
    "class_weights": "1.4,2.2,0.8",
    "focal_gamma": 2
  },
  "runs": {
    "sent": [
      {
        "fusion_method": "sent",
        "seed": 42,
        "cv_val_f1_folds": [0.689642159935901, 0.681342019286063, 0.678308524740166, 0.697263882169543, 0.669643249706548],
        "cv_test_f1_folds": [0.718841554669541, 0.72768607396869, 0.742686479481409, 0.725136744686842, 0.686008792429389],
        "cv_val_f1_mean": 0.683239967167644,
        "cv_val_f1_std": 0.0106119074689237,
        "cv_test_f1_mean": 0.720071929047174,
        "cv_test_f1_std": 0.020957436323673,
        "cv_val_confusion": {
          "cm_mean": [
            [90.2, 27.4, 19.6],
            [21.6, 66.2, 24],
            [22.6, 43.2, 321]
          ],
          "cm_std": [
            [8.04363102087608, 3.97492138287036, 3.97492138287036],
            [5.45893762558247, 5.40370243444252, 3.16227766016838],
            [4.72228758124704, 5.93295878967653, 5.24404424085076]
          ],
          "cm_mean_normalized": [
            [0.657434402332362, 0.199708454810496, 0.142857142857143],
            [0.193202146690519, 0.592128801431127, 0.214669051878354],
            [0.0584281282316443, 0.111685625646329, 0.829886246122027]
          ],
          "cm_std_normalized": [
            [0.0586270482571143, 0.0289717301958481, 0.0289717301958481],
            [0.048827706847786, 0.0483336532597721, 0.0282851311285186],
            [0.0122086028470709, 0.0153385697768266, 0.0135575083786214]
          ]
        },
        "cv_val_oof_ens_acc": 0.750865051903114,
        "cv_val_oof_ens_f1": 0.683733216276562,
        "cv_val_oof_ens_confusion": {
          "cm_mean": [
            [451, 137, 98],
            [108, 331, 120],
            [113, 216, 1605]
          ],
          "cm_std": [
            [0, 0, 0],
            [0, 0, 0],
            [0, 0, 0]
          ],
          "cm_mean_normalized": [
            [0.657434402332362, 0.199708454810496, 0.142857142857143],
            [0.193202146690519, 0.592128801431127, 0.214669051878354],
            [0.0584281282316443, 0.111685625646329, 0.829886246122027]
          ],
          "cm_std_normalized": [
            [0, 0, 0],
            [0, 0, 0],
            [0, 0, 0]
          ]
        },
        "cv_test_ens_acc": 0.811764705882353,
        "cv_test_ens_f1": 0.712727708390232,
        "cv_test_ens_confusion": {
          "cm_mean": [
            [146, 23, 23],
            [39, 83, 72],
            [21, 30, 668]
          ],
          "cm_std": [
            [0, 0, 0],
            [0, 0, 0],
            [0, 0, 0]
          ],
          "cm_mean_normalized": [
            [0.760416666666667, 0.119791666666667, 0.119791666666667],
            [0.201030927835052, 0.427835051546392, 0.371134020618557],
            [0.0292072322670376, 0.0417246175243394, 0.929068150208623]
          ],
          "cm_std_normalized": [
            [0, 0, 0],
            [0, 0, 0],
            [0, 0, 0]
          ]
        },
        "full_test_acc": 0.811764705882353,
        "full_test_f1": 0.724649667880393
      },
      {
        "fusion_method": "sent",
        "seed": 43,
        "cv_val_f1_folds": [0.7226741760534, 0.668085104199419, 0.669359049288915, 0.682800225576756, 0.658492468408851],
        "cv_test_f1_folds": [0.725262795500328, 0.716896365662648, 0.708514686690246, 0.730741954601604, 0.721403399576113],
        "cv_val_f1_mean": 0.680282204705468,
        "cv_val_f1_std": 0.0252304223941905,
        "cv_test_f1_mean": 0.720563840406188,
        "cv_test_f1_std": 0.00844114215341111,
        "cv_val_confusion": {
          "cm_mean": [
            [96.8, 23.4, 17],
            [23.4, 63.4, 25],
            [27.8, 46.2, 312.8]
          ],
          "cm_std": [
            [4.43846820423443, 2.40831891575846, 3.39116499156263],
            [4.82700735445887, 3.78153408023781, 4.84767985741633],
            [7.22495674727538, 11.0995495404093, 16.1152102065099]
          ],
          "cm_mean_normalized": [
            [0.705539358600583, 0.170553935860058, 0.123906705539359],
            [0.209302325581395, 0.567084078711986, 0.223613595706619],
            [0.0718717683557394, 0.119441571871768, 0.808686659772492]
          ],
          "cm_std_normalized": [
            [0.0323503513428165, 0.0175533448670442, 0.0247169460026431],
            [0.0431753788413137, 0.0338240973187639, 0.0433602849500566],
            [0.0186787920043314, 0.0286958364540054, 0.0416629012577815]
          ]
        },
        "cv_val_oof_ens_acc": 0.743944636678201,
        "cv_val_oof_ens_f1": 0.680125727038411,
        "cv_val_oof_ens_confusion": {
          "cm_mean": [
            [484, 117, 85],
            [117, 317, 125],
            [139, 231, 1564]
          ],
          "cm_std": [
            [0, 0, 0],
            [0, 0, 0],
            [0, 0, 0]
          ],
          "cm_mean_normalized": [
            [0.705539358600583, 0.170553935860058, 0.123906705539359],
            [0.209302325581395, 0.567084078711986, 0.223613595706619],
            [0.0718717683557394, 0.119441571871768, 0.808686659772492]
          ],
          "cm_std_normalized": [
            [0, 0, 0],
            [0, 0, 0],
            [0, 0, 0]
          ]
        },
        "cv_test_ens_acc": 0.820814479638009,
        "cv_test_ens_f1": 0.732394714754972,
        "cv_test_ens_confusion": {
          "cm_mean": [
            [152, 24, 16],
            [35, 92, 67],
            [25, 31, 663]
          ],
          "cm_std": [
            [0, 0, 0],
            [0, 0, 0],
            [0, 0, 0]
          ],
          "cm_mean_normalized": [
            [0.791666666666667, 0.125, 0.0833333333333333],
            [0.180412371134021, 0.474226804123711, 0.345360824742268],
            [0.0347705146036161, 0.043115438108484, 0.9221140472879]
          ],
          "cm_std_normalized": [
            [0, 0, 0],
            [0, 0, 0],
            [0, 0, 0]
          ]
        },
        "full_test_acc": 0.826244343891403,
        "full_test_f1": 0.746474863510209
      },
      {
        "fusion_method": "sent",
        "seed": 44,
        "cv_val_f1_folds": [0.678954767001146, 0.669039373991211, 0.699287994468718, 0.67711106499771, 0.679816234447626],
        "cv_test_f1_folds": [0.706911717453572, 0.726179705346372, 0.71135095477866, 0.73139821378772, 0.715459242944623],
        "cv_val_f1_mean": 0.680841886981282,
        "cv_val_f1_std": 0.0111589696201212,
        "cv_test_f1_mean": 0.718259966862189,
        "cv_test_f1_std": 0.0102432545732184,
        "cv_val_confusion": {
          "cm_mean": [
            [96.2, 25.4, 15.6],
            [23.6, 62.4, 25.8],
            [27.4, 42.4, 317]
          ],
          "cm_std": [
            [5.76194411635517, 6.54217089351845, 4.6690470119715],
            [4.03732584763727, 4.92950301754649, 2.86356421265527],
            [4.15932686861708, 8.08084154033477, 9.08295106229248]
          ],
          "cm_mean_normalized": [
            [0.701166180758018, 0.185131195335277, 0.113702623906706],
            [0.211091234347048, 0.558139534883721, 0.230769230769231],
            [0.0708376421923475, 0.109617373319545, 0.819544984488108]
          ],
          "cm_std_normalized": [
            [0.0419966772329094, 0.0476834613230208, 0.0340309548977515],
            [0.0361120379931777, 0.044092155792008, 0.0256132756051455],
            [0.0107531718423399, 0.0208915241477114, 0.023482293335813]
          ]
        },
        "cv_val_oof_ens_acc": 0.748033972947468,
        "cv_val_oof_ens_f1": 0.680997582959414,
        "cv_val_oof_ens_confusion": {
          "cm_mean": [
            [481, 127, 78],
            [118, 312, 129],
            [137, 212, 1585]
          ],
          "cm_std": [
            [0, 0, 0],
            [0, 0, 0],
            [0, 0, 0]
          ],
          "cm_mean_normalized": [
            [0.701166180758018, 0.185131195335277, 0.113702623906706],
            [0.211091234347048, 0.558139534883721, 0.230769230769231],
            [0.0708376421923475, 0.109617373319545, 0.819544984488108]
          ],
          "cm_std_normalized": [
            [0, 0, 0],
            [0, 0, 0],
            [0, 0, 0]
          ]
        },
        "cv_test_ens_acc": 0.820814479638009,
        "cv_test_ens_f1": 0.732815927568095,
        "cv_test_ens_confusion": {
          "cm_mean": [
            [155, 25, 12],
            [35, 91, 68],
            [23, 35, 661]
          ],
          "cm_std": [
            [0, 0, 0],
            [0, 0, 0],
            [0, 0, 0]
          ],
          "cm_mean_normalized": [
            [0.807291666666667, 0.130208333333333, 0.0625],
            [0.180412371134021, 0.469072164948454, 0.350515463917526],
            [0.0319888734353268, 0.0486787204450626, 0.919332406119611]
          ],
          "cm_std_normalized": [
            [0, 0, 0],
            [0, 0, 0],
            [0, 0, 0]
          ]
        },
        "full_test_acc": 0.806334841628959,
        "full_test_f1": 0.717951457750023
      }
    ],
    "term": [
      {
        "fusion_method": "term",
        "seed": 42,
        "cv_val_f1_folds": [0.382505497084705, 0.4132508303868, 0.392949791262028, 0.0998217468805704, 0.413123357771372],
        "cv_test_f1_folds": [0.381190398151001, 0.406743008600803, 0.387350357554106, 0.0995637670002566, 0.427962442409447],
        "cv_val_f1_mean": 0.340330244677095,
        "cv_val_f1_std": 0.1351001066293,
        "cv_test_f1_mean": 0.340561994743123,
        "cv_test_f1_std": 0.135958383964278,
        "cv_val_confusion": {
          "cm_mean": [
            [38.8, 65.4, 33],
            [13.2, 73.2, 25.4],
            [59.6, 198.8, 128.4]
          ],
          "cm_std": [
            [24.3454307827978, 40.0661952273984, 21.5638586528478],
            [8.8994381845148, 21.879213879845, 14.3979165159408],
            [40.6054183576527, 106.344722483064, 74.8551935405954]
          ],
          "cm_mean_normalized": [
            [0.282798833819242, 0.47667638483965, 0.240524781341108],
            [0.118067978533095, 0.65474060822898, 0.227191413237925],
            [0.154084798345398, 0.513960703205791, 0.331954498448811]
          ],
          "cm_std_normalized": [
            [0.17744483077841, 0.292027662007277, 0.157170981434751],
            [0.0796014148883255, 0.195699587476252, 0.128782795312529],
            [0.104977813747809, 0.274934649645978, 0.193524285265242]
          ]
        },
        "cv_val_oof_ens_acc": 0.378106322743001,
        "cv_val_oof_ens_f1": 0.361836194876029,
        "cv_val_oof_ens_confusion": {
          "cm_mean": [
            [194, 327, 165],
            [66, 366, 127],
            [298, 994, 642]
          ],
          "cm_std": [
            [0, 0, 0],
            [0, 0, 0],
            [0, 0, 0]
          ],
          "cm_mean_normalized": [
            [0.282798833819242, 0.47667638483965, 0.240524781341108],
            [0.118067978533095, 0.65474060822898, 0.227191413237925],
            [0.154084798345398, 0.513960703205791, 0.331954498448811]
          ],
          "cm_std_normalized": [
            [0, 0, 0],
            [0, 0, 0],
            [0, 0, 0]
          ]
        },
        "cv_test_ens_acc": 0.441628959276018,
        "cv_test_ens_f1": 0.389932354265473,
        "cv_test_ens_confusion": {
          "cm_mean": [
            [52, 70, 70],
            [28, 109, 57],
            [84, 308, 327]
          ],
          "cm_std": [
            [0, 0, 0],
            [0, 0, 0],
            [0, 0, 0]
          ],
          "cm_mean_normalized": [
            [0.270833333333333, 0.364583333333333, 0.364583333333333],
            [0.144329896907216, 0.561855670103093, 0.293814432989691],
            [0.11682892906815, 0.428372739916551, 0.454798331015299]
          ],
          "cm_std_normalized": [
            [0, 0, 0],
            [0, 0, 0],
            [0, 0, 0]
          ]
        },
        "full_test_acc": 0.499547511312217,
        "full_test_f1": 0.436407458028838
      },
      {
        "fusion_method": "term",
        "seed": 43,
        "cv_val_f1_folds": [0.413888992165041, 0.383484936255685, 0.440653723223044, 0.409015719975066, 0.42544249357015],
        "cv_test_f1_folds": [0.374676874372613, 0.396630906768838, 0.451828564161396, 0.404799281576181, 0.426438525454142],
        "cv_val_f1_mean": 0.414497173037797,
        "cv_val_f1_std": 0.0211904471462496,
        "cv_test_f1_mean": 0.410874830466634,
        "cv_test_f1_std": 0.0294513606953025,
        "cv_val_confusion": {
          "cm_mean": [
            [48.6, 42.4, 46.2],
            [17, 62, 32.8],
            [80.2, 129, 177.6]
          ],
          "cm_std": [
            [5.7706152185014, 11.0136279218067, 11.2782977438973],
            [4.12310562561766, 16.7779617355625, 17.5128524232919],
            [15.8808060248843, 41.641325627314, 43.0267358743375]
          ],
          "cm_mean_normalized": [
            [0.354227405247813, 0.309037900874636, 0.336734693877551],
            [0.152057245080501, 0.554561717352415, 0.293381037567084],
            [0.207342295760083, 0.333505687693899, 0.459152016546019]
          ],
          "cm_std_normalized": [
            [0.0420598776858703, 0.0802742559898447, 0.0822033363257824],
            [0.0368792989769022, 0.150071214092688, 0.156644476058067],
            [0.0410568925152127, 0.107655960773821, 0.111237683232517]
          ]
        },
        "cv_val_oof_ens_acc": 0.453287197231834,
        "cv_val_oof_ens_f1": 0.41824736393755,
        "cv_val_oof_ens_confusion": {
          "cm_mean": [
            [243, 212, 231],
            [85, 310, 164],
            [401, 645, 888]
          ],
          "cm_std": [
            [0, 0, 0],
            [0, 0, 0],
            [0, 0, 0]
          ],
          "cm_mean_normalized": [
            [0.354227405247813, 0.309037900874636, 0.336734693877551],
            [0.152057245080501, 0.554561717352415, 0.293381037567084],
            [0.207342295760083, 0.333505687693899, 0.459152016546019]
          ],
          "cm_std_normalized": [
            [0, 0, 0],
            [0, 0, 0],
            [0, 0, 0]
          ]
        },
        "cv_test_ens_acc": 0.52579185520362,
        "cv_test_ens_f1": 0.441835625085359,
        "cv_test_ens_confusion": {
          "cm_mean": [
            [63, 44, 85],
            [27, 88, 79],
            [106, 183, 430]
          ],
          "cm_std": [
            [0, 0, 0],
            [0, 0, 0],
            [0, 0, 0]
          ],
          "cm_mean_normalized": [
            [0.328125, 0.229166666666667, 0.442708333333333],
            [0.139175257731959, 0.45360824742268, 0.407216494845361],
            [0.147426981919332, 0.25452016689847, 0.598052851182198]
          ],
          "cm_std_normalized": [
            [0, 0, 0],
            [0, 0, 0],
            [0, 0, 0]
          ]
        },
        "full_test_acc": 0.400904977375566,
        "full_test_f1": 0.379934489691952
      },
      {
        "fusion_method": "term",
        "seed": 44,
        "cv_val_f1_folds": [0.357650238999459, 0.42492811487326, 0.43125633044886, 0.320729684908789, 0.401565468141976],
        "cv_test_f1_folds": [0.328270918882716, 0.409069872201085, 0.435239328003041, 0.301537061381333, 0.420295470210865],
        "cv_val_f1_mean": 0.387225967474469,
        "cv_val_f1_std": 0.047069696651382,
        "cv_test_f1_mean": 0.378882530135808,
        "cv_test_f1_std": 0.0598879216181322,
        "cv_val_confusion": {
          "cm_mean": [
            [45.4, 32.6, 59.2],
            [17.8, 47.8, 46.2],
            [80.4, 99.2, 207.2]
          ],
          "cm_std": [
            [26.7917897871717, 19.3597520645281, 44.5724129927919],
            [10.7098085883922, 21.6725633001729, 31.1078768160092],
            [53.2663120555572, 61.230711248523, 107.339182035266]
          ],
          "cm_mean_normalized": [
            [0.330903790087464, 0.237609329446064, 0.431486880466472],
            [0.159212880143113, 0.427549194991055, 0.413237924865832],
            [0.207859358841779, 0.2564632885212, 0.535677352637022]
          ],
          "cm_std_normalized": [
            [0.195275435766558, 0.141106064610263, 0.324871814816267],
            [0.0957943523112007, 0.193851192309239, 0.278245767585055],
            [0.137710217310127, 0.158300701262986, 0.277505641249395]
          ]
        },
        "cv_val_oof_ens_acc": 0.472475621264549,
        "cv_val_oof_ens_f1": 0.414647022264056,
        "cv_val_oof_ens_confusion": {
          "cm_mean": [
            [227, 163, 296],
            [89, 239, 231],
            [402, 496, 1036]
          ],
          "cm_std": [
            [0, 0, 0],
            [0, 0, 0],
            [0, 0, 0]
          ],
          "cm_mean_normalized": [
            [0.330903790087464, 0.237609329446064, 0.431486880466472],
            [0.159212880143113, 0.427549194991056, 0.413237924865832],
            [0.207859358841779, 0.2564632885212, 0.535677352637022]
          ],
          "cm_std_normalized": [
            [0, 0, 0],
            [0, 0, 0],
            [0, 0, 0]
          ]
        },
        "cv_test_ens_acc": 0.527601809954751,
        "cv_test_ens_f1": 0.434348970784061,
        "cv_test_ens_confusion": {
          "cm_mean": [
            [56, 40, 96],
            [29, 86, 79],
            [101, 177, 441]
          ],
          "cm_std": [
            [0, 0, 0],
            [0, 0, 0],
            [0, 0, 0]
          ],
          "cm_mean_normalized": [
            [0.291666666666667, 0.208333333333333, 0.5],
            [0.149484536082474, 0.443298969072165, 0.407216494845361],
            [0.140472878998609, 0.246175243393602, 0.613351877607789]
          ],
          "cm_std_normalized": [
            [0, 0, 0],
            [0, 0, 0],
            [0, 0, 0]
          ]
        },
        "full_test_acc": 0.387330316742081,
        "full_test_f1": 0.363616500394248
      }
    ],
    "concat": [
      {
        "fusion_method": "concat",
        "seed": 42,
        "cv_val_f1_folds": [0.69897802056127, 0.691185713939949, 0.709137723538819, 0.718244249770029, 0.671748205784198],
        "cv_test_f1_folds": [0.74318811885487, 0.722791698136151, 0.729178091261477, 0.719133679461947, 0.742071532407147],
        "cv_val_f1_mean": 0.697858782718853,
        "cv_val_f1_std": 0.0178208202746904,
        "cv_test_f1_mean": 0.731272624024319,
        "cv_test_f1_std": 0.0109802389070225,
        "cv_val_confusion": {
          "cm_mean": [
            [93.6, 27.2, 16.4],
            [21.4, 71, 19.4],
            [25.2, 43.4, 318.2]
          ],
          "cm_std": [
            [6.65582451691749, 1.92353840616713, 6.73052746818554],
            [3.91152144312159, 5.1478150704935, 7.26636084983398],
            [9.1214034007931, 6.91375440697744, 15.3850576859497]
          ],
          "cm_mean_normalized": [
            [0.682215743440233, 0.198250728862974, 0.119533527696793],
            [0.191413237924866, 0.635062611806798, 0.173524150268336],
            [0.0651499482936918, 0.112202688728025, 0.822647362978283]
          ],
          "cm_std_normalized": [
            [0.0485118405023141, 0.0140199592286234, 0.0490563226544135],
            [0.0349867749831985, 0.0460448575178309, 0.0649942830933272],
            [0.0235817047590308, 0.0178742357988041, 0.0397752266958369]
          ]
        },
        "cv_val_oof_ens_acc": 0.759358288770054,
        "cv_val_oof_ens_f1": 0.698095967116559,
        "cv_val_oof_ens_confusion": {
          "cm_mean": [
            [468, 136, 82],
            [107, 355, 97],
            [126, 217, 1591]
          ],
          "cm_std": [
            [0, 0, 0],
            [0, 0, 0],
            [0, 0, 0]
          ],
          "cm_mean_normalized": [
            [0.682215743440233, 0.198250728862974, 0.119533527696793],
            [0.191413237924866, 0.635062611806798, 0.173524150268336],
            [0.0651499482936918, 0.112202688728025, 0.822647362978283]
          ],
          "cm_std_normalized": [
            [0, 0, 0],
            [0, 0, 0],
            [0, 0, 0]
          ]
        },
        "cv_test_ens_acc": 0.831674208144796,
        "cv_test_ens_f1": 0.752076734379764,
        "cv_test_ens_confusion": {
          "cm_mean": [
            [153, 25, 14],
            [33, 103, 58],
            [20, 36, 663]
          ],
          "cm_std": [
            [0, 0, 0],
            [0, 0, 0],
            [0, 0, 0]
          ],
          "cm_mean_normalized": [
            [0.796875, 0.130208333333333, 0.0729166666666667],
            [0.170103092783505, 0.530927835051546, 0.298969072164948],
            [0.0278164116828929, 0.0500695410292072, 0.9221140472879]
          ],
          "cm_std_normalized": [
            [0, 0, 0],
            [0, 0, 0],
            [0, 0, 0]
          ]
        },
        "full_test_acc": 0.832579185520362,
        "full_test_f1": 0.746174590188771
      },
      {
        "fusion_method": "concat",
        "seed": 43,
        "cv_val_f1_folds": [0.739115967045525, 0.69184594257058, 0.691966522518512, 0.719042507163832, 0.701292182175115],
        "cv_test_f1_folds": [0.753284936093381, 0.740015459927066, 0.718277125870241, 0.757739001914456, 0.719708084469308],
        "cv_val_f1_mean": 0.708652624294713,
        "cv_val_f1_std": 0.0203164438869445,
        "cv_test_f1_mean": 0.73780492165489,
        "cv_test_f1_std": 0.0183760387909902,
        "cv_val_confusion": {
          "cm_mean": [
            [95.2, 24.2, 17.8],
            [18.8, 70.2, 22.8],
            [26, 36.8, 324]
          ],
          "cm_std": [
            [6.05805249234438, 3.42052627529741, 5.01996015920445],
            [2.77488738510232, 6.09918027279076, 4.65832587954085],
            [8.12403840463596, 2.58843582110896, 8.94427190999916]
          ],
          "cm_mean_normalized": [
            [0.693877551020408, 0.176384839650146, 0.129737609329446],
            [0.168157423971377, 0.627906976744186, 0.203935599284437],
            [0.0672182006204757, 0.0951396070320579, 0.837642192347466]
          ],
          "cm_std_normalized": [
            [0.0441549015476996, 0.0249309495284068, 0.0365886308979916],
            [0.0248201018345467, 0.0545543852664648, 0.0416665999958931],
            [0.0210032016665873, 0.00669192301217414, 0.0231237639865542]
          ]
        },
        "cv_val_oof_ens_acc": 0.769738911607424,
        "cv_val_oof_ens_f1": 0.709012223199074,
        "cv_val_oof_ens_confusion": {
          "cm_mean": [
            [476, 121, 89],
            [94, 351, 114],
            [130, 184, 1620]
          ],
          "cm_std": [
            [0, 0, 0],
            [0, 0, 0],
            [0, 0, 0]
          ],
          "cm_mean_normalized": [
            [0.693877551020408, 0.176384839650146, 0.129737609329446],
            [0.168157423971377, 0.627906976744186, 0.203935599284437],
            [0.0672182006204757, 0.0951396070320579, 0.837642192347466]
          ],
          "cm_std_normalized": [
            [0, 0, 0],
            [0, 0, 0],
            [0, 0, 0]
          ]
        },
        "cv_test_ens_acc": 0.835294117647059,
        "cv_test_ens_f1": 0.754236204802225,
        "cv_test_ens_confusion": {
          "cm_mean": [
            [152, 24, 16],
            [34, 102, 58],
            [17, 33, 669]
          ],
          "cm_std": [
            [0, 0, 0],
            [0, 0, 0],
            [0, 0, 0]
          ],
          "cm_mean_normalized": [
            [0.791666666666667, 0.125, 0.0833333333333333],
            [0.175257731958763, 0.525773195876289, 0.298969072164948],
            [0.023643949930459, 0.0458970792767733, 0.930458970792768]
          ],
          "cm_std_normalized": [
            [0, 0, 0],
            [0, 0, 0],
            [0, 0, 0]
          ]
        },
        "full_test_acc": 0.829864253393665,
        "full_test_f1": 0.751788241324816
      },
      {
        "fusion_method": "concat",
        "seed": 44,
        "cv_val_f1_folds": [0.698606008362106, 0.687962153876551, 0.702238857880727, 0.688331065194454, 0.697929561746915],
        "cv_test_f1_folds": [0.724026878027261, 0.745816392005059, 0.711901054574924, 0.740323601042967, 0.738673404983372],
        "cv_val_f1_mean": 0.69501352941215,
        "cv_val_f1_std": 0.00648058149449059,
        "cv_test_f1_mean": 0.732148266126717,
        "cv_test_f1_std": 0.0138936831276189,
        "cv_val_confusion": {
          "cm_mean": [
            [93.8, 25.4, 18],
            [19.8, 67.8, 24.2],
            [24.2, 42, 320.6]
          ],
          "cm_std": [
            [7.79102047231298, 3.84707681233427, 5.3851648071345],
            [3.56370593624109, 6.22093240599832, 4.96990945591567],
            [4.60434577328854, 12.1449578014911, 9.12688336728371]
          ],
          "cm_mean_normalized": [
            [0.683673469387755, 0.185131195335277, 0.131195335276968],
            [0.177101967799642, 0.606440071556351, 0.216457960644007],
            [0.062564632885212, 0.108583247156153, 0.828852119958635]
          ],
          "cm_std_normalized": [
            [0.0567858635008235, 0.0280399184572469, 0.0392504723552078],
            [0.0318757239377557, 0.0556434025581245, 0.0444535729509452],
            [0.0119036860736519, 0.0313985465395324, 0.0235958722008369]
          ]
        },
        "cv_val_oof_ens_acc": 0.758414595784838,
        "cv_val_oof_ens_f1": 0.69551973784047,
        "cv_val_oof_ens_confusion": {
          "cm_mean": [
            [469, 127, 90],
            [99, 339, 121],
            [121, 210, 1603]
          ],
          "cm_std": [
            [0, 0, 0],
            [0, 0, 0],
            [0, 0, 0]
          ],
          "cm_mean_normalized": [
            [0.683673469387755, 0.185131195335277, 0.131195335276968],
            [0.177101967799642, 0.606440071556351, 0.216457960644007],
            [0.062564632885212, 0.108583247156153, 0.828852119958635]
          ],
          "cm_std_normalized": [
            [0, 0, 0],
            [0, 0, 0],
            [0, 0, 0]
          ]
        },
        "cv_test_ens_acc": 0.831674208144796,
        "cv_test_ens_f1": 0.750885646042123,
        "cv_test_ens_confusion": {
          "cm_mean": [
            [152, 25, 15],
            [32, 101, 61],
            [17, 36, 666]
          ],
          "cm_std": [
            [0, 0, 0],
            [0, 0, 0],
            [0, 0, 0]
          ],
          "cm_mean_normalized": [
            [0.791666666666667, 0.130208333333333, 0.078125],
            [0.164948453608247, 0.520618556701031, 0.314432989690722],
            [0.023643949930459, 0.0500695410292072, 0.926286509040334]
          ],
          "cm_std_normalized": [
            [0, 0, 0],
            [0, 0, 0],
            [0, 0, 0]
          ]
        },
        "full_test_acc": 0.817194570135747,
        "full_test_f1": 0.730776498028399
      }
    ],
    "add": [
      {
        "fusion_method": "add",
        "seed": 42,
        "cv_val_f1_folds": [0.679936873163245, 0.698468700009517, 0.676357951275398, 0.722282014524793, 0.684741274801152],
        "cv_test_f1_folds": [0.740116125683119, 0.710195739391028, 0.71381588448671, 0.716254145743232, 0.709423015245208],
        "cv_val_f1_mean": 0.692357362754821,
        "cv_val_f1_std": 0.0187155533694244,
        "cv_test_f1_mean": 0.717960982109859,
        "cv_test_f1_std": 0.0126899702925564,
        "cv_val_confusion": {
          "cm_mean": [
            [95.6, 26.2, 15.4],
            [21.6, 70, 20.2],
            [24.8, 50.2, 311.8]
          ],
          "cm_std": [
            [4.82700735445887, 5.93295878967653, 4.39317652729776],
            [5.59464029227975, 7.41619848709566, 6.61059755241536],
            [9.70566844684074, 16.4681510801911, 16.4073154415949]
          ],
          "cm_mean_normalized": [
            [0.696793002915452, 0.190962099125364, 0.112244897959184],
            [0.193202146690519, 0.626118067978533, 0.180679785330948],
            [0.0641158221302999, 0.129782833505688, 0.806101344364012]
          ],
          "cm_std_normalized": [
            [0.0351822693473678, 0.043243139866447, 0.0320202370794297],
            [0.0500415052976721, 0.066334512406938, 0.059128779538599],
            [0.0250922141852139, 0.0425753647367919, 0.0424180854229445]
          ]
        },
        "cv_val_oof_ens_acc": 0.750865051903114,
        "cv_val_oof_ens_f1": 0.692129645994258,
        "cv_val_oof_ens_confusion": {
          "cm_mean": [
            [478, 131, 77],
            [108, 350, 101],
            [124, 251, 1559]
          ],
          "cm_std": [
            [0, 0, 0],
            [0, 0, 0],
            [0, 0, 0]
          ],
          "cm_mean_normalized": [
            [0.696793002915452, 0.190962099125364, 0.112244897959184],
            [0.193202146690519, 0.626118067978533, 0.180679785330948],
            [0.0641158221302999, 0.129782833505688, 0.806101344364012]
          ],
          "cm_std_normalized": [
            [0, 0, 0],
            [0, 0, 0],
            [0, 0, 0]
          ]
        },
        "cv_test_ens_acc": 0.823529411764706,
        "cv_test_ens_f1": 0.743296294758149,
        "cv_test_ens_confusion": {
          "cm_mean": [
            [152, 25, 15],
            [32, 101, 61],
            [22, 40, 657]
          ],
          "cm_std": [
            [0, 0, 0],
            [0, 0, 0],
            [0, 0, 0]
          ],
          "cm_mean_normalized": [
            [0.791666666666667, 0.130208333333333, 0.078125],
            [0.164948453608247, 0.520618556701031, 0.314432989690722],
            [0.0305980528511822, 0.0556328233657858, 0.913769123783032]
          ],
          "cm_std_normalized": [
            [0, 0, 0],
            [0, 0, 0],
            [0, 0, 0]
          ]
        },
        "full_test_acc": 0.826244343891403,
        "full_test_f1": 0.744880225732958
      },
      {
        "fusion_method": "add",
        "seed": 43,
        "cv_val_f1_folds": [0.728314364831508, 0.700939405250715, 0.695716575839843, 0.707335653964214, 0.689252990367312],
        "cv_test_f1_folds": [0.725004976717546, 0.729135258100658, 0.714520737504523, 0.746158166090559, 0.719108764364596],
        "cv_val_f1_mean": 0.704311798050718,
        "cv_val_f1_std": 0.014977361946864,
        "cv_test_f1_mean": 0.726785580555577,
        "cv_test_f1_std": 0.0121793727958499,
        "cv_val_confusion": {
          "cm_mean": [
            [97.6, 23.2, 16.4],
            [20.6, 68.4, 22.8],
            [23.8, 42.6, 320.4]
          ],
          "cm_std": [
            [6.26897120746299, 2.58843582110896, 5.41294744108974],
            [2.70185121722126, 4.33589667773576, 5.06951674225463],
            [7.01427116670007, 3.50713558335004, 7.02139587261678]
          ],
          "cm_mean_normalized": [
            [0.711370262390671, 0.169096209912536, 0.119533527696793],
            [0.184257602862254, 0.61180679785331, 0.203935599284437],
            [0.0615305067218201, 0.110134436401241, 0.828335056876939]
          ],
          "cm_std_normalized": [
            [0.0456922099669314, 0.018866150299628, 0.039452969687243],
            [0.024166826629886, 0.0387826178688351, 0.0453445146892185],
            [0.0181341033265255, 0.00906705166326276, 0.0181525229385129]
          ]
        },
        "cv_val_oof_ens_acc": 0.765020446681346,
        "cv_val_oof_ens_f1": 0.704586287481095,
        "cv_val_oof_ens_confusion": {
          "cm_mean": [
            [488, 116, 82],
            [103, 342, 114],
            [119, 213, 1602]
          ],
          "cm_std": [
            [0, 0, 0],
            [0, 0, 0],
            [0, 0, 0]
          ],
          "cm_mean_normalized": [
            [0.711370262390671, 0.169096209912536, 0.119533527696793],
            [0.184257602862254, 0.61180679785331, 0.203935599284437],
            [0.0615305067218201, 0.110134436401241, 0.828335056876939]
          ],
          "cm_std_normalized": [
            [0, 0, 0],
            [0, 0, 0],
            [0, 0, 0]
          ]
        },
        "cv_test_ens_acc": 0.8289592760181,
        "cv_test_ens_f1": 0.749511756748813,
        "cv_test_ens_confusion": {
          "cm_mean": [
            [152, 25, 15],
            [31, 102, 61],
            [19, 38, 662]
          ],
          "cm_std": [
            [0, 0, 0],
            [0, 0, 0],
            [0, 0, 0]
          ],
          "cm_mean_normalized": [
            [0.791666666666667, 0.130208333333333, 0.078125],
            [0.15979381443299, 0.525773195876289, 0.314432989690722],
            [0.0264255910987483, 0.0528511821974965, 0.920723226703755]
          ],
          "cm_std_normalized": [
            [0, 0, 0],
            [0, 0, 0],
            [0, 0, 0]
          ]
        },
        "full_test_acc": 0.819909502262443,
        "full_test_f1": 0.726946112153335
      },
      {
        "fusion_method": "add",
        "seed": 44,
        "cv_val_f1_folds": [0.706430534512802, 0.698708961666065, 0.682180169019987, 0.673406847491178, 0.720927241797508],
        "cv_test_f1_folds": [0.730323451852568, 0.762167097239444, 0.734396054271508, 0.743834401323761, 0.725658082033381],
        "cv_val_f1_mean": 0.696330750897508,
        "cv_val_f1_std": 0.0189630772488564,
        "cv_test_f1_mean": 0.739275817344132,
        "cv_test_f1_std": 0.0144411827223221,
        "cv_val_confusion": {
          "cm_mean": [
            [92.6, 28, 16.6],
            [20.6, 70.2, 21],
            [24.2, 42.6, 320]
          ],
          "cm_std": [
            [10.0647901120689, 11.5974135047432, 5.07937003968012],
            [4.2190046219458, 8.16700679563817, 4],
            [2.58843582110896, 12.7593103261893, 12.4699639133399]
          ],
          "cm_mean_normalized": [
            [0.674927113702624, 0.204081632653061, 0.120991253644315],
            [0.184257602862254, 0.627906976744186, 0.18783542039356],
            [0.062564632885212, 0.110134436401241, 0.827300930713547]
          ],
          "cm_std_normalized": [
            [0.0733585285136218, 0.0845292529500233, 0.0370216475195344],
            [0.0377370717526458, 0.0730501502293217, 0.035778175313059],
            [0.00669192301217414, 0.032986841587873, 0.0322387898483452]
          ]
        },
        "cv_val_oof_ens_acc": 0.759358288770054,
        "cv_val_oof_ens_f1": 0.696669280368684,
        "cv_val_oof_ens_confusion": {
          "cm_mean": [
            [463, 140, 83],
            [103, 351, 105],
            [121, 213, 1600]
          ],
          "cm_std": [
            [0, 0, 0],
            [0, 0, 0],
            [0, 0, 0]
          ],
          "cm_mean_normalized": [
            [0.674927113702624, 0.204081632653061, 0.120991253644315],
            [0.184257602862254, 0.627906976744186, 0.18783542039356],
            [0.062564632885212, 0.110134436401241, 0.827300930713547]
          ],
          "cm_std_normalized": [
            [0, 0, 0],
            [0, 0, 0],
            [0, 0, 0]
          ]
        },
        "cv_test_ens_acc": 0.829864253393665,
        "cv_test_ens_f1": 0.745271222343533,
        "cv_test_ens_confusion": {
          "cm_mean": [
            [150, 29, 13],
            [35, 100, 59],
            [15, 37, 667]
          ],
          "cm_std": [
            [0, 0, 0],
            [0, 0, 0],
            [0, 0, 0]
          ],
          "cm_mean_normalized": [
            [0.78125, 0.151041666666667, 0.0677083333333333],
            [0.180412371134021, 0.515463917525773, 0.304123711340206],
            [0.0208623087621697, 0.0514603616133519, 0.927677329624479]
          ],
          "cm_std_normalized": [
            [0, 0, 0],
            [0, 0, 0],
            [0, 0, 0]
          ]
        },
        "full_test_acc": 0.806334841628959,
        "full_test_f1": 0.709692273277115
      }
    ],
    "mul": [
      {
        "fusion_method": "mul",
        "seed": 42,
        "cv_val_f1_folds": [0.687151746142459, 0.694993485738923, 0.701184822584553, 0.714869814869815, 0.672544076926383],
        "cv_test_f1_folds": [0.721516214254778, 0.706861602473783, 0.723901042521391, 0.723649176964779, 0.722193680522876],
        "cv_val_f1_mean": 0.694148789252427,
        "cv_val_f1_std": 0.015774206690159,
        "cv_test_f1_mean": 0.719624343347521,
        "cv_test_f1_std": 0.00720343086888038,
        "cv_val_confusion": {
          "cm_mean": [
            [94.6, 26.4, 16.2],
            [20.2, 70.6, 21],
            [22.2, 51.4, 313.2]
          ],
          "cm_std": [
            [2.07364413533277, 2.60768096208106, 1.92353840616713],
            [2.28035085019828, 4.82700735445887, 5.09901951359278],
            [6.87022561492707, 6.58027355054484, 5.54075807087803]
          ],
          "cm_mean_normalized": [
            [0.689504373177843, 0.192419825072886, 0.118075801749271],
            [0.180679785330948, 0.631484794275492, 0.18783542039356],
            [0.0573940020682523, 0.132885211995864, 0.809720785935884]
          ],
          "cm_std_normalized": [
            [0.0151140243100056, 0.0190064210064217, 0.0140199592286234],
            [0.0203966981234193, 0.0431753788413137, 0.0456084035205079],
            [0.0177617001420038, 0.0170120826022359, 0.0143246072153]
          ]
        },
        "cv_val_oof_ens_acc": 0.75243787354514,
        "cv_val_oof_ens_f1": 0.694122786721794,
        "cv_val_oof_ens_confusion": {
          "cm_mean": [
            [473, 132, 81],
            [101, 353, 105],
            [111, 257, 1566]
          ],
          "cm_std": [
            [0, 0, 0],
            [0, 0, 0],
            [0, 0, 0]
          ],
          "cm_mean_normalized": [
            [0.689504373177843, 0.192419825072886, 0.118075801749271],
            [0.180679785330948, 0.631484794275492, 0.18783542039356],
            [0.0573940020682523, 0.132885211995864, 0.809720785935884]
          ],
          "cm_std_normalized": [
            [0, 0, 0],
            [0, 0, 0],
            [0, 0, 0]
          ]
        },
        "cv_test_ens_acc": 0.816289592760181,
        "cv_test_ens_f1": 0.730076796084012,
        "cv_test_ens_confusion": {
          "cm_mean": [
            [141, 33, 18],
            [35, 103, 56],
            [17, 44, 658]
          ],
          "cm_std": [
            [0, 0, 0],
            [0, 0, 0],
            [0, 0, 0]
          ],
          "cm_mean_normalized": [
            [0.734375, 0.171875, 0.09375],
            [0.180412371134021, 0.530927835051546, 0.288659793814433],
            [0.023643949930459, 0.0611961057023644, 0.915159944367177]
          ],
          "cm_std_normalized": [
            [0, 0, 0],
            [0, 0, 0],
            [0, 0, 0]
          ]
        },
        "full_test_acc": 0.815384615384615,
        "full_test_f1": 0.729412862308341
      },
      {
        "fusion_method": "mul",
        "seed": 43,
        "cv_val_f1_folds": [0.735377753759524, 0.674405488863642, 0.660820405240037, 0.118154376886589, 0.683242448640999],
