{
  "benchmark_type": "kfold_plus_full_multiseed",
  "methods": [
    "sent",
    "term",
    "concat",
    "add",
    "mul",
    "cross",
    "gated_concat",
    "bilinear",
    "coattn",
    "late_interaction"
  ],
  "seeds": [42, 43, 44],
  "k_folds": 5,
  "config": {
    "model_name": "roberta-base",
    "fusion_method": "concat",
    "epochs": 10,
    "train_batch_size": 16,
    "eval_batch_size": 32,
    "lr": 0.00002,
    "warmup_ratio": 0.1,
    "dropout": 0.1,
    "freeze_epochs": 3,
    "rolling_k": 3,
    "early_stop_patience": 5,
    "k_folds": 5,
    "seed": 42,
    "max_len_sent": 24,
    "max_len_term": 4,
    "output_dir": "/kaggle/working/A-MoE-ASC/saved_model",
    "output_name": "phase1_locked_baseline",
    "verbose_report": false,
    "train_full_only": false,
    "head_type": "linear",
    "do_ensemble_logits": true,
    "loss_type": "focal",
    "class_weights": "1.0,2.5,1.0",
    "focal_gamma": 2
  },
  "runs": {
    "sent": [
      {
        "fusion_method": "sent",
        "seed": 42,
        "cv_val_f1_folds": [0.67615577374217, 0.696706856955381, 0.667837850750237, 0.675716389689945, 0.668586209324309],
        "cv_test_f1_folds": [0.721532621394129, 0.735118684459629, 0.732624744173898, 0.694454092619265, 0.710743619029651],
        "cv_val_f1_mean": 0.677000616092408,
        "cv_val_f1_std": 0.0116775150928371,
        "cv_test_f1_mean": 0.718894752335315,
        "cv_test_f1_std": 0.0167516702462459,
        "cv_val_confusion": {
          "cm_mean": [
            [80.8, 35.2, 21.2],
            [17.6, 69.2, 25],
            [16.8, 44, 326]
          ],
          "cm_std": [
            [4.86826457785524, 6.30079360080935, 3.89871773792359],
            [6.46529195009785, 5.6302753041037, 6.81909084849293],
            [3.56370593624109, 8.33666600026653, 5.24404424085076]
          ],
          "cm_mean_normalized": [
            [0.588921282798834, 0.256559766763848, 0.154518950437318],
            [0.15742397137746, 0.618962432915921, 0.223613595706619],
            [0.0434332988624612, 0.113753877973113, 0.842812823164426]
          ],
          "cm_std_normalized": [
            [0.0354829779727058, 0.0459241516093976, 0.0284163100431748],
            [0.0578290872101775, 0.0503602442227522, 0.0609936569632641],
            [0.00921330386825515, 0.021552911065839, 0.0135575083786214]
          ]
        },
        "cv_val_oof_ens_acc": 0.748663101604278,
        "cv_val_oof_ens_f1": 0.677059046097211,
        "cv_val_oof_ens_confusion": {
          "cm_mean": [
            [404, 176, 106],
            [88, 346, 125],
            [84, 220, 1630]
          ],
          "cm_std": [
            [0, 0, 0],
            [0, 0, 0],
            [0, 0, 0]
          ],
          "cm_mean_normalized": [
            [0.588921282798834, 0.256559766763848, 0.154518950437318],
            [0.15742397137746, 0.618962432915921, 0.223613595706619],
            [0.0434332988624612, 0.113753877973113, 0.842812823164426]
          ],
          "cm_std_normalized": [
            [0, 0, 0],
            [0, 0, 0],
            [0, 0, 0]
          ]
        },
        "cv_test_ens_acc": 0.821719457013575,
        "cv_test_ens_f1": 0.733052417447716,
        "cv_test_ens_confusion": {
          "cm_mean": [
            [133, 38, 21],
            [23, 101, 70],
            [12, 33, 674]
          ],
          "cm_std": [
            [0, 0, 0],
            [0, 0, 0],
            [0, 0, 0]
          ],
          "cm_mean_normalized": [
            [0.692708333333333, 0.197916666666667, 0.109375],
            [0.118556701030928, 0.520618556701031, 0.360824742268041],
            [0.0166898470097357, 0.0458970792767733, 0.937413073713491]
          ],
          "cm_std_normalized": [
            [0, 0, 0],
            [0, 0, 0],
            [0, 0, 0]
          ]
        },
        "full_test_acc": 0.818099547511312,
        "full_test_f1": 0.725989283130193
      },
      {
        "fusion_method": "sent",
        "seed": 43,
        "cv_val_f1_folds": [0.716304246224349, 0.67431108702383, 0.678642255487039, 0.680954536761555, 0.670949179366424],
        "cv_test_f1_folds": [0.701560247531506, 0.726529934181256, 0.736952412205898, 0.728417542676139, 0.723050302649397],
        "cv_val_f1_mean": 0.684232260972639,
        "cv_val_f1_std": 0.0183403504928254,
        "cv_test_f1_mean": 0.723302087848839,
        "cv_test_f1_std": 0.0131879608095776,
        "cv_val_confusion": {
          "cm_mean": [
            [88, 28.2, 21],
            [19.6, 66, 26.2],
            [20.6, 41.4, 324.8]
          ],
          "cm_std": [
            [4.89897948556636, 3.3466401061363, 4.89897948556636],
            [4.4497190922574, 2.82842712474619, 4.60434577328854],
            [4.61519230368573, 8.96102672688794, 11.3225438837745]
          ],
          "cm_mean_normalized": [
            [0.641399416909621, 0.205539358600583, 0.153061224489796],
            [0.175313059033989, 0.590339892665474, 0.234347048300537],
            [0.0532574974146846, 0.107032057911065, 0.83971044467425]
          ],
          "cm_std_normalized": [
            [0.035706847562437, 0.0243924205986611, 0.035706847562437],
            [0.0398007074441628, 0.0252989903823452, 0.0411837725696649],
            [0.0119317277758163, 0.023167080472823, 0.0292723471659114]
          ]
        },
        "cv_val_oof_ens_acc": 0.75306700220195,
        "cv_val_oof_ens_f1": 0.684262477285531,
        "cv_val_oof_ens_confusion": {
          "cm_mean": [
            [440, 141, 105],
            [98, 330, 131],
            [103, 207, 1624]
          ],
          "cm_std": [
            [0, 0, 0],
            [0, 0, 0],
            [0, 0, 0]
          ],
          "cm_mean_normalized": [
            [0.641399416909621, 0.205539358600583, 0.153061224489796],
            [0.175313059033989, 0.590339892665474, 0.234347048300537],
            [0.0532574974146846, 0.107032057911065, 0.83971044467425]
          ],
          "cm_std_normalized": [
            [0, 0, 0],
            [0, 0, 0],
            [0, 0, 0]
          ]
        },
        "cv_test_ens_acc": 0.823529411764706,
        "cv_test_ens_f1": 0.733077881726169,
        "cv_test_ens_confusion": {
          "cm_mean": [
            [144, 29, 19],
            [31, 93, 70],
            [14, 32, 673]
          ],
          "cm_std": [
            [0, 0, 0],
            [0, 0, 0],
            [0, 0, 0]
          ],
          "cm_mean_normalized": [
            [0.75, 0.151041666666667, 0.0989583333333333],
            [0.15979381443299, 0.479381443298969, 0.360824742268041],
            [0.019471488178025, 0.0445062586926287, 0.936022253129346]
          ],
          "cm_std_normalized": [
            [0, 0, 0],
            [0, 0, 0],
            [0, 0, 0]
          ]
        },
        "full_test_acc": 0.816289592760181,
        "full_test_f1": 0.730885834732596
      },
      {
        "fusion_method": "sent",
        "seed": 44,
        "cv_val_f1_folds": [0.681915952032684, 0.661694411257135, 0.66804448197641, 0.689440238060475, 0.68564091439284],
        "cv_test_f1_folds": [0.721542400490744, 0.722416537085627, 0.722981111509748, 0.722728552852544, 0.739275009487356],
        "cv_val_f1_mean": 0.677347199543909,
        "cv_val_f1_std": 0.0119106162849936,
        "cv_test_f1_mean": 0.725788722285204,
        "cv_test_f1_std": 0.00755860667590801,
        "cv_val_confusion": {
          "cm_mean": [
            [82.2, 33.8, 21.2],
            [17.4, 69.4, 25],
            [18.2, 45.4, 323.2]
          ],
          "cm_std": [
            [5.40370243444252, 5.80517010948, 3.70135110466435],
            [3.57770876399966, 5.81377674149945, 6.51920240520265],
            [5.3103672189407, 6.87749954561976, 9.14877040918614]
          ],
          "cm_mean_normalized": [
            [0.599125364431487, 0.246355685131195, 0.154518950437318],
            [0.155635062611807, 0.620751341681574, 0.223613595706619],
            [0.047052740434333, 0.117373319544984, 0.835573940020683]
          ],
          "cm_std_normalized": [
            [0.0393855862568697, 0.0423117354918367, 0.0269777777307897],
            [0.0320009728443619, 0.0520015808720881, 0.0583112916386641],
            [0.0137289741958136, 0.0177805055471038, 0.0236524571075133]
          ]
        },
        "cv_val_oof_ens_acc": 0.746775715633847,
        "cv_val_oof_ens_f1": 0.677510771133524,
        "cv_val_oof_ens_confusion": {
          "cm_mean": [
            [411, 169, 106],
            [87, 347, 125],
            [91, 227, 1616]
          ],
          "cm_std": [
            [0, 0, 0],
            [0, 0, 0],
            [0, 0, 0]
          ],
          "cm_mean_normalized": [
            [0.599125364431487, 0.246355685131195, 0.154518950437318],
            [0.155635062611807, 0.620751341681574, 0.223613595706619],
            [0.047052740434333, 0.117373319544984, 0.835573940020683]
          ],
          "cm_std_normalized": [
            [0, 0, 0],
            [0, 0, 0],
            [0, 0, 0]
          ]
        },
        "cv_test_ens_acc": 0.819909502262443,
        "cv_test_ens_f1": 0.732466457439296,
        "cv_test_ens_confusion": {
          "cm_mean": [
            [132, 41, 19],
            [24, 104, 66],
            [9, 40, 670]
          ],
          "cm_std": [
            [0, 0, 0],
            [0, 0, 0],
            [0, 0, 0]
          ],
          "cm_mean_normalized": [
            [0.6875, 0.213541666666667, 0.0989583333333333],
            [0.123711340206186, 0.536082474226804, 0.34020618556701],
            [0.0125173852573018, 0.0556328233657858, 0.931849791376912]
          ],
          "cm_std_normalized": [
            [0, 0, 0],
            [0, 0, 0],
            [0, 0, 0]
          ]
        },
        "full_test_acc": 0.818099547511312,
        "full_test_f1": 0.72644462926157
      }
    ],
    "term": [
      {
        "fusion_method": "term",
        "seed": 42,
        "cv_val_f1_folds": [0.400398681364512, 0.407246784051539, 0.416014213471234, 0.410450739117281, 0.418072341347195],
        "cv_test_f1_folds": [0.430015104436103, 0.398574334600526, 0.443821225848983, 0.418481861525358, 0.443689103813616],
        "cv_val_f1_mean": 0.410436551870352,
        "cv_val_f1_std": 0.007077239118762,
        "cv_test_f1_mean": 0.426916326044917,
        "cv_test_f1_std": 0.0190467373173662,
        "cv_val_confusion": {
          "cm_mean": [
            [17, 38.8, 81.4],
            [6.8, 56.8, 48.2],
            [17.6, 104, 265.2]
          ],
          "cm_std": [
            [5.09901951359278, 7.29383301152419, 6.58027355054484],
            [4.49444101084885, 9.17605579756357, 6.72309452558864],
            [4.2190046219458, 13.0958008537088, 11.5195486022674]
          ],
          "cm_mean_normalized": [
            [0.123906705539359, 0.282798833819242, 0.5932944606414],
            [0.0608228980322004, 0.508050089445438, 0.431127012522361],
            [0.0455015511892451, 0.268872802481903, 0.685625646328852]
          ],
          "cm_std_normalized": [
            [0.0371648652594226, 0.0531620481889518, 0.0479611774821053],
            [0.0402007246050881, 0.0820756332519103, 0.0601350136456945],
            [0.0109074576575641, 0.0338567757334767, 0.0297816665001742]
          ]
        },
        "cv_val_oof_ens_acc": 0.533186536646744,
        "cv_val_oof_ens_f1": 0.411260544988549,
        "cv_val_oof_ens_confusion": {
          "cm_mean": [
            [85, 194, 407],
            [34, 284, 241],
            [88, 520, 1326]
          ],
          "cm_std": [
            [0, 0, 0],
            [0, 0, 0],
            [0, 0, 0]
          ],
          "cm_mean_normalized": [
            [0.123906705539359, 0.282798833819242, 0.5932944606414],
            [0.0608228980322004, 0.508050089445438, 0.431127012522361],
            [0.0455015511892451, 0.268872802481903, 0.685625646328852]
          ],
          "cm_std_normalized": [
            [0, 0, 0],
            [0, 0, 0],
            [0, 0, 0]
          ]
        },
        "cv_test_ens_acc": 0.59185520361991,
        "cv_test_ens_f1": 0.440954173705552,
        "cv_test_ens_confusion": {
          "cm_mean": [
            [31, 36, 125],
            [9, 83, 102],
            [29, 150, 540]
          ],
          "cm_std": [
            [0, 0, 0],
            [0, 0, 0],
            [0, 0, 0]
          ],
          "cm_mean_normalized": [
            [0.161458333333333, 0.1875, 0.651041666666667],
            [0.0463917525773196, 0.427835051546392, 0.525773195876289],
            [0.0403337969401947, 0.208623087621697, 0.751043115438109]
          ],
          "cm_std_normalized": [
            [0, 0, 0],
            [0, 0, 0],
            [0, 0, 0]
          ]
        },
        "full_test_acc": 0.599095022624434,
        "full_test_f1": 0.448024428911039
      },
      {
        "fusion_method": "term",
        "seed": 43,
        "cv_val_f1_folds": [0.429271597662765, 0.406300303470115, 0.41560113328406, 0.395810035897638, 0.416704649889484],
        "cv_test_f1_folds": [0.43149158744164, 0.433575103292017, 0.431723550601247, 0.408515789813077, 0.439381733634607],
        "cv_val_f1_mean": 0.412737544040812,
        "cv_val_f1_std": 0.0125029156544031,
        "cv_test_f1_mean": 0.428937552956518,
        "cv_test_f1_std": 0.0118524371762236,
        "cv_val_confusion": {
          "cm_mean": [
            [17.8, 39.6, 79.8],
            [4.2, 58, 49.6],
            [18.2, 106.6, 262]
          ],
          "cm_std": [
            [3.96232255123179, 5.7706152185014, 7.19027120489902],
            [2.16794833886788, 8.5146931829632, 9.44986772394196],
            [5.76194411635517, 16.3340135912763, 18.3575597506858]
          ],
          "cm_mean_normalized": [
            [0.129737609329446, 0.28862973760933, 0.581632653061225],
            [0.037567084078712, 0.518783542039356, 0.443649373881932],
            [0.047052740434333, 0.27559462254395, 0.677352637021717]
          ],
          "cm_std_normalized": [
            [0.0288799019769081, 0.0420598776858703, 0.0524072245255031],
            [0.0193913089344175, 0.0761600463592415, 0.0845247560281034],
            [0.0148964429068128, 0.0422285770198457, 0.0474600820855373]
          ]
        },
        "cv_val_oof_ens_acc": 0.531299150676313,
        "cv_val_oof_ens_f1": 0.413704599519424,
        "cv_val_oof_ens_confusion": {
          "cm_mean": [
            [89, 198, 399],
            [21, 290, 248],
            [91, 533, 1310]
          ],
          "cm_std": [
            [0, 0, 0],
            [0, 0, 0],
            [0, 0, 0]
          ],
          "cm_mean_normalized": [
            [0.129737609329446, 0.28862973760933, 0.581632653061225],
            [0.037567084078712, 0.518783542039356, 0.443649373881932],
            [0.047052740434333, 0.27559462254395, 0.677352637021717]
          ],
          "cm_std_normalized": [
            [0, 0, 0],
            [0, 0, 0],
            [0, 0, 0]
          ]
        },
        "cv_test_ens_acc": 0.581900452488688,
        "cv_test_ens_f1": 0.436085656549508,
        "cv_test_ens_confusion": {
          "cm_mean": [
            [32, 41, 119],
            [8, 82, 104],
            [26, 164, 529]
          ],
          "cm_std": [
            [0, 0, 0],
            [0, 0, 0],
            [0, 0, 0]
          ],
          "cm_mean_normalized": [
            [0.166666666666667, 0.213541666666667, 0.619791666666667],
            [0.0412371134020619, 0.422680412371134, 0.536082474226804],
            [0.0361613351877608, 0.228094575799722, 0.735744089012517]
          ],
          "cm_std_normalized": [
            [0, 0, 0],
            [0, 0, 0],
            [0, 0, 0]
          ]
        },
        "full_test_acc": 0.578280542986425,
        "full_test_f1": 0.433481021403444
      },
      {
        "fusion_method": "term",
        "seed": 44,
        "cv_val_f1_folds": [0.440758368284521, 0.429152523101799, 0.417455242966752, 0.391127735535388, 0.421120251820597],
        "cv_test_f1_folds": [0.430309792755844, 0.439037073012789, 0.424018716597312, 0.426196571057303, 0.435667910034341],
        "cv_val_f1_mean": 0.419922824341811,
        "cv_val_f1_std": 0.0184118654701797,
        "cv_test_f1_mean": 0.431046012691518,
        "cv_test_f1_std": 0.00629803490103807,
        "cv_val_confusion": {
          "cm_mean": [
            [19.8, 36.8, 80.6],
            [4.2, 54.4, 53.2],
            [17.2, 100.8, 268.8]
          ],
          "cm_std": [
            [4.60434577328854, 4.32434966208793, 7.12741187248219],
            [2.58843582110896, 3.57770876399966, 4.14728827066554],
            [8.92748564826626, 9.62808392152873, 11.2116011345392]
          ],
          "cm_mean_normalized": [
            [0.144314868804665, 0.268221574344023, 0.587463556851312],
            [0.037567084078712, 0.486583184257603, 0.475849731663685],
            [0.0444674250258532, 0.260599793174767, 0.69493278179938]
          ],
          "cm_std_normalized": [
            [0.0335593715254267, 0.031518583542915, 0.0519490661259635],
            [0.0231523776485595, 0.0320009728443619, 0.0370956017054163],
            [0.0230803662054453, 0.0248916337164652, 0.0289855251668541]
          ]
        },
        "cv_val_oof_ens_acc": 0.539477823214847,
        "cv_val_oof_ens_f1": 0.420375668427767,
        "cv_val_oof_ens_confusion": {
          "cm_mean": [
            [99, 184, 403],
            [21, 272, 266],
            [86, 504, 1344]
          ],
          "cm_std": [
            [0, 0, 0],
            [0, 0, 0],
            [0, 0, 0]
          ],
          "cm_mean_normalized": [
            [0.144314868804665, 0.268221574344023, 0.587463556851312],
            [0.037567084078712, 0.486583184257603, 0.475849731663685],
            [0.0444674250258532, 0.260599793174767, 0.69493278179938]
          ],
          "cm_std_normalized": [
            [0, 0, 0],
            [0, 0, 0],
            [0, 0, 0]
          ]
        },
        "cv_test_ens_acc": 0.590950226244344,
        "cv_test_ens_f1": 0.44029495605054,
        "cv_test_ens_confusion": {
          "cm_mean": [
            [29, 37, 126],
            [7, 87, 100],
            [21, 161, 537]
          ],
          "cm_std": [
            [0, 0, 0],
            [0, 0, 0],
            [0, 0, 0]
          ],
          "cm_mean_normalized": [
            [0.151041666666667, 0.192708333333333, 0.65625],
            [0.0360824742268041, 0.448453608247423, 0.515463917525773],
            [0.0292072322670376, 0.223922114047288, 0.746870653685675]
          ],
          "cm_std_normalized": [
            [0, 0, 0],
            [0, 0, 0],
            [0, 0, 0]
          ]
        },
        "full_test_acc": 0.588235294117647,
        "full_test_f1": 0.458462404906959
      }
    ],
    "concat": [
      {
        "fusion_method": "concat",
        "seed": 42,
        "cv_val_f1_folds": [0.694805209108719, 0.706636143732373, 0.681226575705538, 0.697733593694359, 0.676457271077531],
        "cv_test_f1_folds": [0.741923585728118, 0.724570268852566, 0.736339003881583, 0.72982069324987, 0.740170832671955],
        "cv_val_f1_mean": 0.691371758663704,
        "cv_val_f1_std": 0.0123554608944083,
        "cv_test_f1_mean": 0.734564876876819,
        "cv_test_f1_std": 0.0072650590295075,
        "cv_val_confusion": {
          "cm_mean": [
            [85.6, 30.8, 20.8],
            [18.2, 68.8, 24.8],
            [19.6, 37.4, 329.8]
          ],
          "cm_std": [
            [5.27257053058563, 3.56370593624109, 2.94957624075053],
            [5.44977063737549, 6.45755371638518, 5.67450438364444],
            [6.73052746818554, 7.12741187248219, 10.4259292151827]
          ],
          "cm_mean_normalized": [
            [0.623906705539359, 0.224489795918367, 0.151603498542274],
            [0.162790697674419, 0.615384615384615, 0.221824686940966],
            [0.0506721820062048, 0.0966907962771458, 0.85263702171665]
          ],
          "cm_std_normalized": [
            [0.038429814362869, 0.0259745330629817, 0.0214983691016802],
            [0.0487457123199954, 0.0577598722395812, 0.0507558531631882],
            [0.0174005363706968, 0.0184266077365103, 0.0269543154477319]
          ]
        },
        "cv_val_oof_ens_acc": 0.76156023906889,
        "cv_val_oof_ens_f1": 0.691796611415431,
        "cv_val_oof_ens_confusion": {
          "cm_mean": [
            [428, 154, 104],
            [91, 344, 124],
            [98, 187, 1649]
          ],
          "cm_std": [
            [0, 0, 0],
            [0, 0, 0],
            [0, 0, 0]
          ],
          "cm_mean_normalized": [
            [0.623906705539359, 0.224489795918367, 0.151603498542274],
            [0.162790697674419, 0.615384615384615, 0.221824686940966],
            [0.0506721820062048, 0.0966907962771458, 0.85263702171665]
          ],
          "cm_std_normalized": [
            [0, 0, 0],
            [0, 0, 0],
            [0, 0, 0]
          ]
        },
        "cv_test_ens_acc": 0.833484162895928,
        "cv_test_ens_f1": 0.748650820674228,
        "cv_test_ens_confusion": {
          "cm_mean": [
            [144, 28, 20],
            [29, 100, 65],
            [13, 29, 677]
          ],
          "cm_std": [
            [0, 0, 0],
            [0, 0, 0],
            [0, 0, 0]
          ],
          "cm_mean_normalized": [
            [0.75, 0.145833333333333, 0.104166666666667],
            [0.149484536082474, 0.515463917525773, 0.335051546391753],
            [0.0180806675938804, 0.0403337969401947, 0.941585535465925]
          ],
          "cm_std_normalized": [
            [0, 0, 0],
            [0, 0, 0],
            [0, 0, 0]
          ]
        },
        "full_test_acc": 0.826244343891403,
        "full_test_f1": 0.731847535648098
      },
      {
        "fusion_method": "concat",
        "seed": 43,
        "cv_val_f1_folds": [0.733499281104775, 0.687046861027088, 0.68070408026666, 0.713436778096722, 0.693532775311616],
        "cv_test_f1_folds": [0.735660622252539, 0.733379027245701, 0.731460022811647, 0.730335639792191, 0.732542541593591],
        "cv_val_f1_mean": 0.701643955161372,
        "cv_val_f1_std": 0.02162855300333,
        "cv_test_f1_mean": 0.732675570739134,
        "cv_test_f1_std": 0.00202335822015986,
        "cv_val_confusion": {
          "cm_mean": [
            [88.6, 28, 20.6],
            [17, 71, 23.8],
            [20.4, 38.6, 327.8]
          ],
          "cm_std": [
            [6.50384501660364, 3.16227766016838, 4.97995983919549],
            [3.53553390593274, 7.64852927038918, 5.44977063737549],
            [6.58027355054484, 8.08084154033477, 8.22800097228969]
          ],
          "cm_mean_normalized": [
            [0.645772594752187, 0.204081632653061, 0.150145772594752],
            [0.152057245080501, 0.635062611806798, 0.212880143112701],
            [0.0527404343329886, 0.0997931747673216, 0.84746639089969]
          ],
          "cm_std_normalized": [
            [0.0474041181968195, 0.0230486709924809, 0.0362970833760605],
            [0.0316237379779315, 0.0684126052807619, 0.0487457123199954],
            [0.0170120826022359, 0.0208915241477114, 0.0212719776946476]
          ]
        },
        "cv_val_oof_ens_acc": 0.766593268323372,
        "cv_val_oof_ens_f1": 0.70212895837607,
        "cv_val_oof_ens_confusion": {
          "cm_mean": [
            [443, 140, 103],
            [85, 355, 119],
            [102, 193, 1639]
          ],
          "cm_std": [
            [0, 0, 0],
            [0, 0, 0],
            [0, 0, 0]
          ],
          "cm_mean_normalized": [
            [0.645772594752187, 0.204081632653061, 0.150145772594752],
            [0.152057245080501, 0.635062611806798, 0.212880143112701],
            [0.0527404343329886, 0.0997931747673216, 0.84746639089969]
          ],
          "cm_std_normalized": [
            [0, 0, 0],
            [0, 0, 0],
            [0, 0, 0]
          ]
        },
        "cv_test_ens_acc": 0.827149321266968,
        "cv_test_ens_f1": 0.738874821451136,
        "cv_test_ens_confusion": {
          "cm_mean": [
            [142, 31, 19],
            [30, 98, 66],
            [15, 30, 674]
          ],
          "cm_std": [
            [0, 0, 0],
            [0, 0, 0],
            [0, 0, 0]
          ],
          "cm_mean_normalized": [
            [0.739583333333333, 0.161458333333333, 0.0989583333333333],
            [0.154639175257732, 0.505154639175258, 0.34020618556701],
            [0.0208623087621697, 0.0417246175243394, 0.937413073713491]
          ],
          "cm_std_normalized": [
            [0, 0, 0],
            [0, 0, 0],
            [0, 0, 0]
          ]
        },
        "full_test_acc": 0.829864253393665,
        "full_test_f1": 0.743701574775586
      },
      {
        "fusion_method": "concat",
        "seed": 44,
        "cv_val_f1_folds": [0.70280258299582, 0.692642151421377, 0.708453186215719, 0.695344555564703, 0.693557329024161],
        "cv_test_f1_folds": [0.736520857883087, 0.725739580518644, 0.720980219349785, 0.721746761925847, 0.733296776973179],
        "cv_val_f1_mean": 0.698559961044356,
        "cv_val_f1_std": 0.00682388041322953,
        "cv_test_f1_mean": 0.727656839330108,
        "cv_test_f1_std": 0.00695632575720535,
        "cv_val_confusion": {
          "cm_mean": [
            [86.4, 29.8, 21],
            [17.4, 69.2, 25.2],
            [17.8, 36.4, 332.6]
          ],
          "cm_std": [
            [5.85662018573853, 6.53452370108182, 6.44204936336256],
            [1.8165902124585, 5.35723809439155, 3.96232255123179],
            [4.32434966208793, 5.98331012066064, 5.7706152185014]
          ],
          "cm_mean_normalized": [
            [0.629737609329446, 0.217201166180758, 0.153061224489796],
            [0.155635062611807, 0.618962432915921, 0.225402504472272],
            [0.0460186142709411, 0.094105480868666, 0.859875904860393]
          ],
          "cm_std_normalized": [
            [0.0426867360476569, 0.0476277237688179, 0.0469537125609516],
            [0.0162485707733318, 0.0479180509337348, 0.0354411677212146],
            [0.0111798078130505, 0.0154687438486573, 0.0149188604407999]
          ]
        },
        "cv_val_oof_ens_acc": 0.767851525636993,
        "cv_val_oof_ens_f1": 0.698809545854882,
        "cv_val_oof_ens_confusion": {
          "cm_mean": [
            [432, 149, 105],
            [87, 346, 126],
            [89, 182, 1663]
          ],
          "cm_std": [
            [0, 0, 0],
            [0, 0, 0],
            [0, 0, 0]
          ],
          "cm_mean_normalized": [
            [0.629737609329446, 0.217201166180758, 0.153061224489796],
            [0.155635062611807, 0.618962432915921, 0.225402504472272],
            [0.0460186142709411, 0.094105480868666, 0.859875904860393]
          ],
          "cm_std_normalized": [
            [0, 0, 0],
            [0, 0, 0],
            [0, 0, 0]
          ]
        },
        "cv_test_ens_acc": 0.827149321266968,
        "cv_test_ens_f1": 0.73705905276917,
        "cv_test_ens_confusion": {
          "cm_mean": [
            [135, 35, 22],
            [27, 100, 67],
            [12, 28, 679]
          ],
          "cm_std": [
            [0, 0, 0],
            [0, 0, 0],
            [0, 0, 0]
          ],
          "cm_mean_normalized": [
            [0.703125, 0.182291666666667, 0.114583333333333],
            [0.139175257731959, 0.515463917525773, 0.345360824742268],
            [0.0166898470097357, 0.0389429763560501, 0.944367176634214]
          ],
          "cm_std_normalized": [
            [0, 0, 0],
            [0, 0, 0],
            [0, 0, 0]
          ]
        },
        "full_test_acc": 0.818099547511312,
        "full_test_f1": 0.727066558674007
      }
    ],
    "add": [
      {
        "fusion_method": "add",
        "seed": 42,
        "cv_val_f1_folds": [0.688460835326415, 0.716594037398239, 0.660049692325554, 0.727887328956188, 0.660771696065814],
        "cv_test_f1_folds": [0.733662536294115, 0.716398911890164, 0.721543983505511, 0.72351078285741, 0.715763707384468],
        "cv_val_f1_mean": 0.690752718014442,
        "cv_val_f1_std": 0.0311991318271939,
        "cv_test_f1_mean": 0.722175984386334,
        "cv_test_f1_std": 0.00722173541776086,
        "cv_val_confusion": {
          "cm_mean": [
            [86, 30.4, 20.8],
            [18.6, 69.2, 24],
            [16, 43.4, 327.4]
          ],
          "cm_std": [
            [8.57321409974112, 9.07193474403338, 5.26307894677631],
            [5.94138031100518, 7.82304288624318, 6.44204936336256],
            [5.43139024560011, 10.4546640309481, 12.5419296760905]
          ],
          "cm_mean_normalized": [
            [0.626822157434402, 0.221574344023324, 0.151603498542274],
            [0.166368515205725, 0.618962432915921, 0.214669051878354],
            [0.0413650465356774, 0.112202688728025, 0.846432264736298]
          ],
          "cm_std_normalized": [
            [0.0624869832342647, 0.066121973353013, 0.0383606337228594],
            [0.0531429365921751, 0.0699735499663969, 0.0576211928744415],
            [0.014041856891417, 0.02702860400969, 0.0324248440436673]
          ]
        },
        "cv_val_oof_ens_acc": 0.759043724441648,
        "cv_val_oof_ens_f1": 0.69102302518548,
        "cv_val_oof_ens_confusion": {
          "cm_mean": [
            [430, 152, 104],
            [93, 346, 120],
            [80, 217, 1637]
          ],
          "cm_std": [
            [0, 0, 0],
            [0, 0, 0],
            [0, 0, 0]
          ],
          "cm_mean_normalized": [
            [0.626822157434402, 0.221574344023324, 0.151603498542274],
            [0.166368515205725, 0.618962432915921, 0.214669051878354],
            [0.0413650465356774, 0.112202688728025, 0.846432264736298]
          ],
          "cm_std_normalized": [
            [0, 0, 0],
            [0, 0, 0],
            [0, 0, 0]
          ]
        },
        "cv_test_ens_acc": 0.825339366515837,
        "cv_test_ens_f1": 0.73809068923416,
        "cv_test_ens_confusion": {
          "cm_mean": [
            [137, 37, 18],
            [27, 103, 64],
            [14, 33, 672]
          ],
          "cm_std": [
            [0, 0, 0],
            [0, 0, 0],
            [0, 0, 0]
          ],
          "cm_mean_normalized": [
            [0.713541666666667, 0.192708333333333, 0.09375],
            [0.139175257731959, 0.530927835051546, 0.329896907216495],
            [0.019471488178025, 0.0458970792767733, 0.934631432545202]
          ],
          "cm_std_normalized": [
            [0, 0, 0],
            [0, 0, 0],
            [0, 0, 0]
          ]
        },
        "full_test_acc": 0.824434389140272,
        "full_test_f1": 0.734895211362524
      },
      {
        "fusion_method": "add",
        "seed": 43,
        "cv_val_f1_folds": [0.738039289660638, 0.685827568387029, 0.700861227086503, 0.71233539403572, 0.677865006224833],
        "cv_test_f1_folds": [0.715398273470222, 0.727756981266032, 0.712821728047156, 0.728862757717736, 0.725056065566147],
        "cv_val_f1_mean": 0.702985697078944,
        "cv_val_f1_std": 0.0236967036104807,
        "cv_test_f1_mean": 0.721979161213459,
        "cv_test_f1_std": 0.00737226409377729,
        "cv_val_confusion": {
          "cm_mean": [
            [91.8, 26, 19.4],
            [18.2, 67, 26.6],
            [18.8, 37.4, 330.6]
          ],
          "cm_std": [
            [5.6302753041037, 3.80788655293195, 3.57770876399966],
            [4.14728827066555, 6.16441400296898, 6.14817045957576],
            [5.06951674225463, 11.6318528188763, 12.4217551094843]
          ],
          "cm_mean_normalized": [
            [0.669096209912537, 0.189504373177843, 0.141399416909621],
            [0.162790697674419, 0.599284436493739, 0.237924865831843],
            [0.0486039296794209, 0.0966907962771458, 0.854705274043433]
          ],
          "cm_std_normalized": [
            [0.0410369920124176, 0.0277542751671425, 0.0260765944897935],
            [0.0370956017054163, 0.055137871225125, 0.0549925801393181],
            [0.0131062997472974, 0.0300720083218104, 0.0321141548849129]
          ]
        },
        "cv_val_oof_ens_acc": 0.769738911607424,
        "cv_val_oof_ens_f1": 0.703204186760665,
        "cv_val_oof_ens_confusion": {
          "cm_mean": [
            [459, 130, 97],
            [91, 335, 133],
            [94, 187, 1653]
          ],
          "cm_std": [
            [0, 0, 0],
            [0, 0, 0],
            [0, 0, 0]
          ],
          "cm_mean_normalized": [
            [0.669096209912537, 0.189504373177843, 0.141399416909621],
            [0.162790697674419, 0.599284436493739, 0.237924865831843],
            [0.0486039296794209, 0.0966907962771458, 0.854705274043433]
          ],
          "cm_std_normalized": [
            [0, 0, 0],
            [0, 0, 0],
            [0, 0, 0]
          ]
        },
        "cv_test_ens_acc": 0.829864253393665,
        "cv_test_ens_f1": 0.742764285412173,
        "cv_test_ens_confusion": {
          "cm_mean": [
            [143, 33, 16],
            [27, 98, 69],
            [13, 30, 676]
          ],
          "cm_std": [
            [0, 0, 0],
            [0, 0, 0],
            [0, 0, 0]
          ],
          "cm_mean_normalized": [
            [0.744791666666667, 0.171875, 0.0833333333333333],
            [0.139175257731959, 0.505154639175258, 0.355670103092784],
            [0.0180806675938804, 0.0417246175243394, 0.94019471488178]
          ],
          "cm_std_normalized": [
            [0, 0, 0],
            [0, 0, 0],
            [0, 0, 0]
          ]
        },
        "full_test_acc": 0.816289592760181,
        "full_test_f1": 0.726505273895173
      },
      {
        "fusion_method": "add",
        "seed": 44,
        "cv_val_f1_folds": [0.701184369791011, 0.686767535660122, 0.688474099609907, 0.691163362290372, 0.704180369364716],
        "cv_test_f1_folds": [0.731231235484202, 0.744911745171937, 0.735577352246105, 0.725716088545788, 0.719345914491738],
        "cv_val_f1_mean": 0.694353947343226,
        "cv_val_f1_std": 0.00783452814679494,
        "cv_test_f1_mean": 0.731356467187954,
        "cv_test_f1_std": 0.00971653696247256,
        "cv_val_confusion": {
          "cm_mean": [
            [86.2, 31.2, 19.8],
            [16.8, 68.8, 26.2],
            [17.8, 38.4, 330.6]
          ],
          "cm_std": [
            [8.5848704125339, 10.8719823399415, 6.22093240599832],
            [4.02492235949962, 8.46758525200662, 5.76194411635517],
            [3.70135110466435, 11.7175082675456, 9.18150314491042]
          ],
          "cm_mean_normalized": [
            [0.628279883381924, 0.227405247813411, 0.144314868804665],
            [0.150268336314848, 0.615384615384615, 0.234347048300537],
            [0.0460186142709411, 0.0992761116856256, 0.854705274043433]
          ],
          "cm_std_normalized": [
            [0.0625719417823171, 0.0792418537896611, 0.0453420729300169],
            [0.0360010944499072, 0.0757386874061415, 0.0515379616847511],
            [0.0095691600430826, 0.0302934546730755, 0.023737081553543]
          ]
        },
        "cv_val_oof_ens_acc": 0.763762189367726,
        "cv_val_oof_ens_f1": 0.694767438491869,
        "cv_val_oof_ens_confusion": {
          "cm_mean": [
            [431, 156, 99],
            [84, 344, 131],
            [89, 192, 1653]
          ],
          "cm_std": [
            [0, 0, 0],
            [0, 0, 0],
            [0, 0, 0]
          ],
          "cm_mean_normalized": [
            [0.628279883381924, 0.227405247813411, 0.144314868804665],
            [0.150268336314848, 0.615384615384615, 0.234347048300537],
            [0.0460186142709411, 0.0992761116856256, 0.854705274043433]
          ],
          "cm_std_normalized": [
            [0, 0, 0],
            [0, 0, 0],
            [0, 0, 0]
          ]
        },
        "cv_test_ens_acc": 0.832579185520362,
        "cv_test_ens_f1": 0.749126279199318,
        "cv_test_ens_confusion": {
          "cm_mean": [
            [143, 31, 18],
            [28, 103, 63],
            [13, 32, 674]
          ],
          "cm_std": [
            [0, 0, 0],
            [0, 0, 0],
            [0, 0, 0]
          ],
          "cm_mean_normalized": [
            [0.744791666666667, 0.161458333333333, 0.09375],
            [0.144329896907216, 0.530927835051546, 0.324742268041237],
            [0.0180806675938804, 0.0445062586926287, 0.937413073713491]
          ],
          "cm_std_normalized": [
            [0, 0, 0],
            [0, 0, 0],
            [0, 0, 0]
          ]
        },
        "full_test_acc": 0.825339366515837,
        "full_test_f1": 0.735217712732847
      }
    ],
    "mul": [
      {
        "fusion_method": "mul",
        "seed": 42,
        "cv_val_f1_folds": [0.691926133629556, 0.698819405736232, 0.660856742759198, 0.711162368101462, 0.670655151234649],
        "cv_test_f1_folds": [0.727435802056967, 0.70191706142785, 0.73206194879077, 0.728798253760683, 0.743119311842159],
        "cv_val_f1_mean": 0.686683960292219,
        "cv_val_f1_std": 0.0206028502372908,
        "cv_test_f1_mean": 0.726666475575686,
        "cv_test_f1_std": 0.0151449397040067,
        "cv_val_confusion": {
          "cm_mean": [
            [81.6, 34, 21.6],
            [16, 70.4, 25.4],
            [14.8, 42.6, 329.4]
          ],
          "cm_std": [
            [6.22896460095897, 5.29150262212918, 3.36154726279432],
            [3.80788655293195, 6.02494813255683, 6.26897120746299],
            [3.42052627529741, 5.85662018573853, 4.4497190922574]
          ],
          "cm_mean_normalized": [
            [0.594752186588921, 0.247813411078717, 0.157434402332362],
            [0.143112701252236, 0.629695885509839, 0.227191413237925],
            [0.0382626680455016, 0.110134436401241, 0.851602895553258]
          ],
          "cm_std_normalized": [
            [0.0454006166250654, 0.0385678033682885, 0.0245010733439819],
            [0.0340598081657599, 0.0538904126346764, 0.0560730877232826],
            [0.00884313928463654, 0.0151412104078039, 0.01150392733262]
          ]
        },
        "cv_val_oof_ens_acc": 0.757156338471217,
        "cv_val_oof_ens_f1": 0.687034386685899,
        "cv_val_oof_ens_confusion": {
          "cm_mean": [
            [408, 170, 108],
            [80, 352, 127],
            [74, 213, 1647]
          ],
          "cm_std": [
            [0, 0, 0],
            [0, 0, 0],
            [0, 0, 0]
          ],
          "cm_mean_normalized": [
            [0.594752186588921, 0.247813411078717, 0.157434402332362],
            [0.143112701252236, 0.629695885509839, 0.227191413237925],
            [0.0382626680455016, 0.110134436401241, 0.851602895553258]
          ],
          "cm_std_normalized": [
            [0, 0, 0],
