{
  "benchmark_type": "kfold_plus_full_multiseed",
  "methods": [
    "sent",
    "term",
    "concat",
    "add",
    "mul",
    "cross",
    "gated_concat",
    "bilinear",
    "coattn",
    "late_interaction"
  ],
  "seeds": [42, 43, 44],
  "k_folds": 5,
  "config": {
    "model_name": "roberta-base",
    "fusion_method": "concat",
    "epochs": 10,
    "train_batch_size": 16,
    "eval_batch_size": 32,
    "lr": 0.00002,
    "warmup_ratio": 0.1,
    "dropout": 0.1,
    "freeze_epochs": 3,
    "rolling_k": 3,
    "early_stop_patience": 5,
    "k_folds": 5,
    "seed": 42,
    "max_len_sent": 24,
    "max_len_term": 4,
    "output_dir": "/kaggle/working/A-MoE-ASC/saved_model",
    "output_name": "phase1_locked_baseline",
    "verbose_report": false,
    "train_full_only": false,
    "head_type": "linear",
    "do_ensemble_logits": true,
    "loss_type": "weighted_ce",
    "class_weights": "1.0,2.5,1.0",
    "focal_gamma": 2
  },
  "runs": {
    "sent": [
      {
        "fusion_method": "sent",
        "seed": 42,
        "cv_val_f1_folds": [0.702478260118584, 0.694690727648908, 0.683608217250655, 0.684033613445378, 0.678256328209244],
        "cv_test_f1_folds": [0.741302157465325, 0.712660446909934, 0.721790615316512, 0.697543332484509, 0.702888396574769],
        "cv_val_f1_mean": 0.688613429334554,
        "cv_val_f1_std": 0.00977833693394354,
        "cv_test_f1_mean": 0.71523698975021,
        "cv_test_f1_std": 0.0172810214537279,
        "cv_val_confusion": {
          "cm_mean": [
            [86, 28.8, 22.4],
            [19.8, 66.6, 25.4],
            [18.2, 37.8, 330.8]
          ],
          "cm_std": [
            [5.8309518948453, 4.32434966208793, 1.8165902124585],
            [2.77488738510232, 4.03732584763727, 5.41294744108974],
            [7.79102047231298, 5.35723809439155, 7.29383301152419]
          ],
          "cm_mean_normalized": [
            [0.626822157434402, 0.209912536443149, 0.163265306122449],
            [0.177101967799642, 0.595706618962433, 0.227191413237925],
            [0.047052740434333, 0.0977249224405377, 0.855222337125129]
          ],
          "cm_std_normalized": [
            [0.0424996493793389, 0.031518583542915, 0.013240453443575],
            [0.0248201018345467, 0.0361120379931777, 0.0484163456269208],
            [0.0201422452748526, 0.0138501501923256, 0.0188568588715724]
          ]
        },
        "cv_val_oof_ens_acc": 0.760301981755269,
        "cv_val_oof_ens_f1": 0.688852446391895,
        "cv_val_oof_ens_confusion": {
          "cm_mean": [
            [430, 144, 112],
            [99, 333, 127],
            [91, 189, 1654]
          ],
          "cm_std": [
            [0, 0, 0],
            [0, 0, 0],
            [0, 0, 0]
          ],
          "cm_mean_normalized": [
            [0.626822157434402, 0.209912536443149, 0.163265306122449],
            [0.177101967799642, 0.595706618962433, 0.227191413237925],
            [0.047052740434333, 0.0977249224405378, 0.855222337125129]
          ],
          "cm_std_normalized": [
            [0, 0, 0],
            [0, 0, 0],
            [0, 0, 0]
          ]
        },
        "cv_test_ens_acc": 0.823529411764706,
        "cv_test_ens_f1": 0.724549801951101,
        "cv_test_ens_confusion": {
          "cm_mean": [
            [143, 27, 22],
            [33, 85, 76],
            [19, 18, 682]
          ],
          "cm_std": [
            [0, 0, 0],
            [0, 0, 0],
            [0, 0, 0]
          ],
          "cm_mean_normalized": [
            [0.744791666666667, 0.140625, 0.114583333333333],
            [0.170103092783505, 0.438144329896907, 0.391752577319588],
            [0.0264255910987483, 0.0250347705146036, 0.948539638386648]
          ],
          "cm_std_normalized": [
            [0, 0, 0],
            [0, 0, 0],
            [0, 0, 0]
          ]
        },
        "full_test_acc": 0.820814479638009,
        "full_test_f1": 0.723621437001176
      },
      {
        "fusion_method": "sent",
        "seed": 43,
        "cv_val_f1_folds": [0.73582429215617, 0.679767994154183, 0.678386361720052, 0.696285122372694, 0.680020258392786],
        "cv_test_f1_folds": [0.688832322409019, 0.73523205318833, 0.717589134707242, 0.711048831228253, 0.728973492403594],
        "cv_val_f1_mean": 0.694056805759177,
        "cv_val_f1_std": 0.0244757325237079,
        "cv_test_f1_mean": 0.716335166787288,
        "cv_test_f1_std": 0.0180467713048621,
        "cv_val_confusion": {
          "cm_mean": [
            [91.8, 23.6, 21.8],
            [19.4, 63.6, 28.8],
            [19.8, 37.4, 329.6]
          ],
          "cm_std": [
            [4.96990945591567, 1.14017542509914, 5.40370243444252],
            [2.50998007960223, 3.36154726279432, 3.19374388453426],
            [5.6302753041037, 8.5615419172016, 11.4149025401008]
          ],
          "cm_mean_normalized": [
            [0.669096209912536, 0.17201166180758, 0.158892128279883],
            [0.173524150268336, 0.568872987477639, 0.257602862254025],
            [0.0511892450879007, 0.0966907962771458, 0.852119958634954]
          ],
          "cm_std_normalized": [
            [0.0362238298536128, 0.00831031650946894, 0.0393855862568697],
            [0.0224506268300736, 0.0300675068228472, 0.0285665821514693],
            [0.0145560374976828, 0.0221342862388873, 0.0295111234232182]
          ]
        },
        "cv_val_oof_ens_acc": 0.76281849638251,
        "cv_val_oof_ens_f1": 0.694029078791298,
        "cv_val_oof_ens_confusion": {
          "cm_mean": [
            [459, 118, 109],
            [97, 318, 144],
            [99, 187, 1648]
          ],
          "cm_std": [
            [0, 0, 0],
            [0, 0, 0],
            [0, 0, 0]
          ],
          "cm_mean_normalized": [
            [0.669096209912537, 0.17201166180758, 0.158892128279883],
            [0.173524150268336, 0.568872987477639, 0.257602862254025],
            [0.0511892450879007, 0.0966907962771458, 0.852119958634954]
          ],
          "cm_std_normalized": [
            [0, 0, 0],
            [0, 0, 0],
            [0, 0, 0]
          ]
        },
        "cv_test_ens_acc": 0.827149321266968,
        "cv_test_ens_f1": 0.734731234194613,
        "cv_test_ens_confusion": {
          "cm_mean": [
            [150, 22, 20],
            [33, 87, 74],
            [18, 24, 677]
          ],
          "cm_std": [
            [0, 0, 0],
            [0, 0, 0],
            [0, 0, 0]
          ],
          "cm_mean_normalized": [
            [0.78125, 0.114583333333333, 0.104166666666667],
            [0.170103092783505, 0.448453608247423, 0.381443298969072],
            [0.0250347705146036, 0.0333796940194715, 0.941585535465925]
          ],
          "cm_std_normalized": [
            [0, 0, 0],
            [0, 0, 0],
            [0, 0, 0]
          ]
        },
        "full_test_acc": 0.8289592760181,
        "full_test_f1": 0.743984090590052
      },
      {
        "fusion_method": "sent",
        "seed": 44,
        "cv_val_f1_folds": [0.676891229895522, 0.670372085842211, 0.67751944520343, 0.698488155873555, 0.694757453120499],
        "cv_test_f1_folds": [0.714478918506139, 0.724612979758306, 0.722494395704862, 0.72705305484851, 0.702514060085733],
        "cv_val_f1_mean": 0.683605673987043,
        "cv_val_f1_std": 0.012279090361214,
        "cv_test_f1_mean": 0.71823068178071,
        "cv_test_f1_std": 0.0099729029828421,
        "cv_val_confusion": {
          "cm_mean": [
            [86.2, 29.8, 21.2],
            [19.4, 65.4, 27],
            [20.6, 37.6, 328.6]
          ],
          "cm_std": [
            [3.96232255123179, 8.22800097228969, 5.21536192416212],
            [4.61519230368573, 3.71483512420134, 3.53553390593274],
            [4.72228758124704, 9.71081870904817, 10.18822850156]
          ],
          "cm_mean_normalized": [
            [0.628279883381924, 0.217201166180758, 0.154518950437318],
            [0.173524150268336, 0.584973166368515, 0.241502683363148],
            [0.0532574974146846, 0.0972078593588418, 0.849534643226474]
          ],
          "cm_std_normalized": [
            [0.0288799019769081, 0.0599708525677091, 0.0380128420128434],
            [0.0412807898361872, 0.0332275055831963, 0.0316237379779315],
            [0.0122086028470709, 0.0251055292374565, 0.0263397841301965]
          ]
        },
        "cv_val_oof_ens_acc": 0.755268952500786,
        "cv_val_oof_ens_f1": 0.683309496086696,
        "cv_val_oof_ens_confusion": {
          "cm_mean": [
            [431, 149, 106],
            [97, 327, 135],
            [103, 188, 1643]
          ],
          "cm_std": [
            [0, 0, 0],
            [0, 0, 0],
            [0, 0, 0]
          ],
          "cm_mean_normalized": [
            [0.628279883381924, 0.217201166180758, 0.154518950437318],
            [0.173524150268336, 0.584973166368515, 0.241502683363148],
            [0.0532574974146846, 0.0972078593588418, 0.849534643226474]
          ],
          "cm_std_normalized": [
            [0, 0, 0],
            [0, 0, 0],
            [0, 0, 0]
          ]
        },
        "cv_test_ens_acc": 0.821719457013575,
        "cv_test_ens_f1": 0.725814925026495,
        "cv_test_ens_confusion": {
          "cm_mean": [
            [141, 29, 22],
            [35, 90, 69],
            [12, 30, 677]
          ],
          "cm_std": [
            [0, 0, 0],
            [0, 0, 0],
            [0, 0, 0]
          ],
          "cm_mean_normalized": [
            [0.734375, 0.151041666666667, 0.114583333333333],
            [0.180412371134021, 0.463917525773196, 0.355670103092784],
            [0.0166898470097357, 0.0417246175243394, 0.941585535465925]
          ],
          "cm_std_normalized": [
            [0, 0, 0],
            [0, 0, 0],
            [0, 0, 0]
          ]
        },
        "full_test_acc": 0.81447963800905,
        "full_test_f1": 0.718929350048435
      }
    ],
    "term": [
      {
        "fusion_method": "term",
        "seed": 42,
        "cv_val_f1_folds": [0.402861245834124, 0.411958289234037, 0.41565837159227, 0.420719764806894, 0.423237986288392],
        "cv_test_f1_folds": [0.43292845295084, 0.408502778735478, 0.432060200512577, 0.440244272845193, 0.451267755880882],
        "cv_val_f1_mean": 0.414887131551143,
        "cv_val_f1_std": 0.00802420153873645,
        "cv_test_f1_mean": 0.433000692184994,
        "cv_test_f1_std": 0.0157098104963367,
        "cv_val_confusion": {
          "cm_mean": [
            [15.2, 29.2, 92.8],
            [5.6, 46.2, 60],
            [15.4, 72.2, 299.2]
          ],
          "cm_std": [
            [2.28035085019828, 4.08656334834051, 5.06951674225463],
            [3.91152144312159, 4.76445169982864, 4.74341649025257],
            [4.50555213042752, 8.8147603484156, 5.93295878967653]
          ],
          "cm_mean_normalized": [
            [0.110787172011662, 0.212827988338192, 0.676384839650146],
            [0.0500894454382826, 0.413237924865832, 0.536672629695886],
            [0.0398138572905895, 0.186659772492244, 0.773526370217166]
          ],
          "cm_std_normalized": [
            [0.0166206330189379, 0.029785447145339, 0.0369498304829055],
            [0.0349867749831985, 0.0426158470467678, 0.0424276966927779],
            [0.0116482733465034, 0.0227889357508159, 0.0153385697768266]
          ]
        },
        "cv_val_oof_ens_acc": 0.567159484114502,
        "cv_val_oof_ens_f1": 0.414974637252784,
        "cv_val_oof_ens_confusion": {
          "cm_mean": [
            [76, 146, 464],
            [28, 231, 300],
            [77, 361, 1496]
          ],
          "cm_std": [
            [0, 0, 0],
            [0, 0, 0],
            [0, 0, 0]
          ],
          "cm_mean_normalized": [
            [0.110787172011662, 0.212827988338192, 0.676384839650146],
            [0.0500894454382827, 0.413237924865832, 0.536672629695886],
            [0.0398138572905895, 0.186659772492244, 0.773526370217167]
          ],
          "cm_std_normalized": [
            [0, 0, 0],
            [0, 0, 0],
            [0, 0, 0]
          ]
        },
        "cv_test_ens_acc": 0.63710407239819,
        "cv_test_ens_f1": 0.451090526359344,
        "cv_test_ens_confusion": {
          "cm_mean": [
            [28, 26, 138],
            [7, 68, 119],
            [21, 90, 608]
          ],
          "cm_std": [
            [0, 0, 0],
            [0, 0, 0],
            [0, 0, 0]
          ],
          "cm_mean_normalized": [
            [0.145833333333333, 0.135416666666667, 0.71875],
            [0.0360824742268041, 0.350515463917526, 0.61340206185567],
            [0.0292072322670376, 0.125173852573018, 0.845618915159944]
          ],
          "cm_std_normalized": [
            [0, 0, 0],
            [0, 0, 0],
            [0, 0, 0]
          ]
        },
        "full_test_acc": 0.62262443438914,
        "full_test_f1": 0.43944560730275
      },
      {
        "fusion_method": "term",
        "seed": 43,
        "cv_val_f1_folds": [0.436170069184071, 0.414074275691042, 0.404604020319221, 0.381965885214703, 0.417871873174411],
        "cv_test_f1_folds": [0.44251002606862, 0.438999730597436, 0.438513715040619, 0.430977889820139, 0.461442257696284],
        "cv_val_f1_mean": 0.410937224716689,
        "cv_val_f1_std": 0.0198373061959178,
        "cv_test_f1_mean": 0.442488723844619,
        "cv_test_f1_std": 0.0113985741220215,
        "cv_val_confusion": {
          "cm_mean": [
            [16, 33.4, 87.8],
            [4.2, 48.4, 59.2],
            [16.4, 81.6, 288.8]
          ],
          "cm_std": [
            [6.557438524302, 3.64691650576209, 3.96232255123179],
            [1.78885438199983, 9.6591925128346, 8.8994381845148],
            [3.57770876399966, 10.2127371453494, 11.7558496077485]
          ],
          "cm_mean_normalized": [
            [0.116618075801749, 0.243440233236152, 0.639941690962099],
            [0.037567084078712, 0.432915921288014, 0.529516994633274],
            [0.0423991726990693, 0.210961737331954, 0.746639089968976]
          ],
          "cm_std_normalized": [
            [0.0477947414307726, 0.0265810240944759, 0.0288799019769081],
            [0.016000486422181, 0.0863970707766959, 0.0796014148883255],
            [0.00924950559462167, 0.0264031467046262, 0.0303925791306838]
          ]
        },
        "cv_val_oof_ens_acc": 0.555520603963511,
        "cv_val_oof_ens_f1": 0.412675911497033,
        "cv_val_oof_ens_confusion": {
          "cm_mean": [
            [80, 167, 439],
            [21, 242, 296],
            [82, 408, 1444]
          ],
          "cm_std": [
            [0, 0, 0],
            [0, 0, 0],
            [0, 0, 0]
          ],
          "cm_mean_normalized": [
            [0.116618075801749, 0.243440233236152, 0.639941690962099],
            [0.037567084078712, 0.432915921288014, 0.529516994633274],
            [0.0423991726990693, 0.210961737331955, 0.746639089968976]
          ],
          "cm_std_normalized": [
            [0, 0, 0],
            [0, 0, 0],
            [0, 0, 0]
          ]
        },
        "cv_test_ens_acc": 0.620814479638009,
        "cv_test_ens_f1": 0.450831672337958,
        "cv_test_ens_confusion": {
          "cm_mean": [
            [30, 29, 133],
            [9, 75, 110],
            [23, 115, 581]
          ],
          "cm_std": [
            [0, 0, 0],
            [0, 0, 0],
            [0, 0, 0]
          ],
          "cm_mean_normalized": [
            [0.15625, 0.151041666666667, 0.692708333333333],
            [0.0463917525773196, 0.38659793814433, 0.567010309278351],
            [0.0319888734353268, 0.159944367176634, 0.808066759388039]
          ],
          "cm_std_normalized": [
            [0, 0, 0],
            [0, 0, 0],
            [0, 0, 0]
          ]
        },
        "full_test_acc": 0.656108597285068,
        "full_test_f1": 0.325383593320813
      },
      {
        "fusion_method": "term",
        "seed": 44,
        "cv_val_f1_folds": [0.437596059538052, 0.409831613253667, 0.431600821900174, 0.386637906531667, 0.43370958341843],
        "cv_test_f1_folds": [0.452318573639803, 0.388899652756323, 0.43124190940142, 0.43274127454773, 0.441214100529264],
        "cv_val_f1_mean": 0.419875196928398,
        "cv_val_f1_std": 0.0214970960138371,
        "cv_test_f1_mean": 0.429283102174908,
        "cv_test_f1_std": 0.0240811157143715,
        "cv_val_confusion": {
          "cm_mean": [
            [18.6, 31.6, 87],
            [4.8, 46.6, 60.4],
            [17, 78.4, 291.4]
          ],
          "cm_std": [
            [5.22494019104525, 5.98331012066064, 3.3166247903554],
            [2.94957624075053, 7.66811580507233, 7.02139587261678],
            [6.2449979983984, 16.7720004769854, 13.2966161108757]
          ],
          "cm_mean_normalized": [
            [0.135568513119534, 0.230320699708455, 0.634110787172012],
            [0.0429338103756708, 0.416815742397138, 0.540250447227191],
            [0.0439503619441572, 0.202688728024819, 0.753360910031024]
          ],
          "cm_std_normalized": [
            [0.0380826544536826, 0.043610132074786, 0.0241736500754767],
            [0.0263826139602015, 0.0685877978986791, 0.0628031831182181],
            [0.0161452895511851, 0.0433609112641816, 0.0343759465120882]
          ]
        },
        "cv_val_oof_ens_acc": 0.560868197546398,
        "cv_val_oof_ens_f1": 0.420871077728684,
        "cv_val_oof_ens_confusion": {
          "cm_mean": [
            [93, 158, 435],
            [24, 233, 302],
            [85, 392, 1457]
          ],
          "cm_std": [
            [0, 0, 0],
            [0, 0, 0],
            [0, 0, 0]
          ],
          "cm_mean_normalized": [
            [0.135568513119534, 0.230320699708455, 0.634110787172012],
            [0.0429338103756708, 0.416815742397138, 0.540250447227191],
            [0.0439503619441572, 0.202688728024819, 0.753360910031024]
          ],
          "cm_std_normalized": [
            [0, 0, 0],
            [0, 0, 0],
            [0, 0, 0]
          ]
        },
        "cv_test_ens_acc": 0.627149321266968,
        "cv_test_ens_f1": 0.44795520140265,
        "cv_test_ens_confusion": {
          "cm_mean": [
            [28, 26, 138],
            [6, 71, 117],
            [22, 103, 594]
          ],
          "cm_std": [
            [0, 0, 0],
            [0, 0, 0],
            [0, 0, 0]
          ],
          "cm_mean_normalized": [
            [0.145833333333333, 0.135416666666667, 0.71875],
            [0.0309278350515464, 0.365979381443299, 0.603092783505155],
            [0.0305980528511822, 0.143254520166898, 0.826147426981919]
          ],
          "cm_std_normalized": [
            [0, 0, 0],
            [0, 0, 0],
            [0, 0, 0]
          ]
        },
        "full_test_acc": 0.624434389140272,
        "full_test_f1": 0.45930326064209
      }
    ],
    "concat": [
      {
        "fusion_method": "concat",
        "seed": 42,
        "cv_val_f1_folds": [0.694032389302313, 0.724535289400932, 0.693629887339173, 0.703129049748321, 0.669949055054736],
        "cv_test_f1_folds": [0.736107591141148, 0.717810945273632, 0.728660790439542, 0.709196771886142, 0.736832907287453],
        "cv_val_f1_mean": 0.697055134169095,
        "cv_val_f1_std": 0.0196701563882882,
        "cv_test_f1_mean": 0.725721801205584,
        "cv_test_f1_std": 0.0119960118815591,
        "cv_val_confusion": {
          "cm_mean": [
            [87.8, 27.4, 22],
            [20, 66, 25.8],
            [18.8, 32.6, 335.4]
          ],
          "cm_std": [
            [6.30079360080935, 4.03732584763727, 4.18330013267038],
            [7, 6.28490254498827, 3.03315017762062],
            [7.29383301152419, 5.94138031100518, 10.8535708409721]
          ],
          "cm_mean_normalized": [
            [0.639941690962099, 0.199708454810496, 0.160349854227405],
            [0.178890876565295, 0.590339892665474, 0.230769230769231],
            [0.0486039296794209, 0.0842812823164426, 0.867114788004137]
          ],
          "cm_std_normalized": [
            [0.0459241516093976, 0.0294265732335078, 0.0304905257483264],
            [0.0626118067978533, 0.0562155862700203, 0.0271301447014367],
            [0.0188568588715724, 0.0153603420656804, 0.0280599039321926]
          ]
        },
        "cv_val_oof_ens_acc": 0.769424347279019,
        "cv_val_oof_ens_f1": 0.697304313506995,
        "cv_val_oof_ens_confusion": {
          "cm_mean": [
            [439, 137, 110],
            [100, 330, 129],
            [94, 163, 1677]
          ],
          "cm_std": [
            [0, 0, 0],
            [0, 0, 0],
            [0, 0, 0]
          ],
          "cm_mean_normalized": [
            [0.639941690962099, 0.199708454810496, 0.160349854227405],
            [0.178890876565295, 0.590339892665474, 0.230769230769231],
            [0.0486039296794209, 0.0842812823164426, 0.867114788004137]
          ],
          "cm_std_normalized": [
            [0, 0, 0],
            [0, 0, 0],
            [0, 0, 0]
          ]
        },
        "cv_test_ens_acc": 0.835294117647059,
        "cv_test_ens_f1": 0.744275473411213,
        "cv_test_ens_confusion": {
          "cm_mean": [
            [150, 22, 20],
            [35, 90, 69],
            [12, 24, 683]
          ],
          "cm_std": [
            [0, 0, 0],
            [0, 0, 0],
            [0, 0, 0]
          ],
          "cm_mean_normalized": [
            [0.78125, 0.114583333333333, 0.104166666666667],
            [0.180412371134021, 0.463917525773196, 0.355670103092784],
            [0.0166898470097357, 0.0333796940194715, 0.949930458970793]
          ],
          "cm_std_normalized": [
            [0, 0, 0],
            [0, 0, 0],
            [0, 0, 0]
          ]
        },
        "full_test_acc": 0.835294117647059,
        "full_test_f1": 0.742818376053696
      },
      {
        "fusion_method": "concat",
        "seed": 43,
        "cv_val_f1_folds": [0.731957246922264, 0.6776215089875, 0.694316940251458, 0.701680071934022, 0.691813532817717],
        "cv_test_f1_folds": [0.736621333978142, 0.727498443304377, 0.73485771964234, 0.721864740463099, 0.716174204700556],
        "cv_val_f1_mean": 0.699477860182592,
        "cv_val_f1_std": 0.0201422280026195,
        "cv_test_f1_mean": 0.727403288417703,
        "cv_test_f1_std": 0.00862145286279781,
        "cv_val_confusion": {
          "cm_mean": [
            [88, 25, 24.2],
            [19.8, 65.4, 26.6],
            [19.4, 29.8, 337.6]
          ],
          "cm_std": [
            [10.1734949746879, 5.87367006223537, 5.54075807087803],
            [2.58843582110896, 5.85662018573853, 4.39317652729776],
            [8.5615419172016, 4.76445169982864, 9.96493853468249]
          ],
          "cm_mean_normalized": [
            [0.641399416909621, 0.182215743440233, 0.176384839650146],
            [0.177101967799642, 0.584973166368515, 0.237924865831843],
            [0.0501551189245088, 0.0770423991726991, 0.872802481902792]
          ],
          "cm_std_normalized": [
            [0.0741508380079293, 0.0428110062845143, 0.0403845340443005],
            [0.0231523776485595, 0.0523847959368384, 0.0392949599937188],
            [0.0221342862388873, 0.0123176103925249, 0.0257625091382691]
          ]
        },
        "cv_val_oof_ens_acc": 0.772255426234665,
        "cv_val_oof_ens_f1": 0.700150743079099,
        "cv_val_oof_ens_confusion": {
          "cm_mean": [
            [440, 125, 121],
            [99, 327, 133],
            [97, 149, 1688]
          ],
          "cm_std": [
            [0, 0, 0],
            [0, 0, 0],
            [0, 0, 0]
          ],
          "cm_mean_normalized": [
            [0.641399416909621, 0.182215743440233, 0.176384839650146],
            [0.177101967799642, 0.584973166368515, 0.237924865831843],
            [0.0501551189245088, 0.0770423991726991, 0.872802481902792]
          ],
          "cm_std_normalized": [
            [0, 0, 0],
            [0, 0, 0],
            [0, 0, 0]
          ]
        },
        "cv_test_ens_acc": 0.828054298642534,
        "cv_test_ens_f1": 0.73157473741218,
        "cv_test_ens_confusion": {
          "cm_mean": [
            [149, 23, 20],
            [34, 84, 76],
            [17, 20, 682]
          ],
          "cm_std": [
            [0, 0, 0],
            [0, 0, 0],
            [0, 0, 0]
          ],
          "cm_mean_normalized": [
            [0.776041666666667, 0.119791666666667, 0.104166666666667],
            [0.175257731958763, 0.43298969072165, 0.391752577319588],
            [0.023643949930459, 0.0278164116828929, 0.948539638386648]
          ],
          "cm_std_normalized": [
            [0, 0, 0],
            [0, 0, 0],
            [0, 0, 0]
          ]
        },
        "full_test_acc": 0.833484162895928,
        "full_test_f1": 0.745437835942617
      },
      {
        "fusion_method": "concat",
        "seed": 44,
        "cv_val_f1_folds": [0.706225498230323, 0.689534751889367, 0.694181344813245, 0.703026981943477, 0.704090944896424],
        "cv_test_f1_folds": [0.708163448051078, 0.725603330531859, 0.716414501284032, 0.694663250218867, 0.740587140128865],
        "cv_val_f1_mean": 0.699411904354568,
        "cv_val_f1_std": 0.00718164608230654,
        "cv_test_f1_mean": 0.71708633404294,
        "cv_test_f1_std": 0.0173759248512246,
        "cv_val_confusion": {
          "cm_mean": [
            [90.6, 24, 22.6],
            [20.8, 62.8, 28.2],
            [20, 28.6, 338.2]
          ],
          "cm_std": [
            [8.08084154033477, 7, 5.68330889535313],
            [5.35723809439155, 5.44977063737549, 2.86356421265527],
            [2.23606797749979, 8.08084154033477, 8.67179335547152]
          ],
          "cm_mean_normalized": [
            [0.660349854227405, 0.174927113702624, 0.164723032069971],
            [0.186046511627907, 0.561717352415027, 0.252236135957066],
            [0.0517063081695967, 0.0739400206825233, 0.87435367114788]
          ],
          "cm_std_normalized": [
            [0.0588982619557928, 0.0510204081632653, 0.0414235342226905],
            [0.0479180509337348, 0.0487457123199954, 0.0256132756051455],
            [0.00578094099663855, 0.0208915241477114, 0.0224193209810536]
          ]
        },
        "cv_val_oof_ens_acc": 0.773199119219881,
        "cv_val_oof_ens_f1": 0.69976672664281,
        "cv_val_oof_ens_confusion": {
          "cm_mean": [
            [453, 120, 113],
            [104, 314, 141],
            [100, 143, 1691]
          ],
          "cm_std": [
            [0, 0, 0],
            [0, 0, 0],
            [0, 0, 0]
          ],
          "cm_mean_normalized": [
            [0.660349854227405, 0.174927113702624, 0.164723032069971],
            [0.186046511627907, 0.561717352415027, 0.252236135957066],
            [0.0517063081695967, 0.0739400206825233, 0.87435367114788]
          ],
          "cm_std_normalized": [
            [0, 0, 0],
            [0, 0, 0],
            [0, 0, 0]
          ]
        },
        "cv_test_ens_acc": 0.8289592760181,
        "cv_test_ens_f1": 0.731917388608684,
        "cv_test_ens_confusion": {
          "cm_mean": [
            [144, 25, 23],
            [36, 87, 71],
            [10, 24, 685]
          ],
          "cm_std": [
            [0, 0, 0],
            [0, 0, 0],
            [0, 0, 0]
          ],
          "cm_mean_normalized": [
            [0.75, 0.130208333333333, 0.119791666666667],
            [0.185567010309278, 0.448453608247423, 0.365979381443299],
            [0.0139082058414465, 0.0333796940194715, 0.952712100139082]
          ],
          "cm_std_normalized": [
            [0, 0, 0],
            [0, 0, 0],
            [0, 0, 0]
          ]
        },
        "full_test_acc": 0.82262443438914,
        "full_test_f1": 0.721407367496259
      }
    ],
    "add": [
      {
        "fusion_method": "add",
        "seed": 42,
        "cv_val_f1_folds": [0.679635735295052, 0.739478781509141, 0.673287201385673, 0.71483028674312, 0.686540365881935],
        "cv_test_f1_folds": [0.731730175471408, 0.725981193039533, 0.733398723155921, 0.717437998043713, 0.726506640881299],
        "cv_val_f1_mean": 0.698754474162984,
        "cv_val_f1_std": 0.0277497457585256,
        "cv_test_f1_mean": 0.727010946118375,
        "cv_test_f1_std": 0.00624561588603637,
        "cv_val_confusion": {
          "cm_mean": [
            [89.4, 26.2, 21.6],
            [19.6, 66.6, 25.6],
            [18.2, 36.4, 332.2]
          ],
          "cm_std": [
            [6.42650760522385, 7.12039324756716, 2.19089023002066],
            [6.46529195009785, 6.02494813255683, 2.70185121722126],
            [6.26099033699941, 6.10737259384099, 7.79102047231298]
          ],
          "cm_mean_normalized": [
            [0.651603498542274, 0.190962099125364, 0.157434402332362],
            [0.175313059033989, 0.595706618962433, 0.228980322003578],
            [0.047052740434333, 0.094105480868666, 0.858841778697001]
          ],
          "cm_std_normalized": [
            [0.0468404344404071, 0.0518979099676907, 0.0159685876823664],
            [0.0578290872101775, 0.0538904126346765, 0.024166826629886],
            [0.0161866347905879, 0.0157894844721846, 0.0201422452748526]
          ]
        },
        "cv_val_oof_ens_acc": 0.767851525636993,
        "cv_val_oof_ens_f1": 0.698693907414001,
        "cv_val_oof_ens_confusion": {
          "cm_mean": [
            [447, 131, 108],
            [98, 333, 128],
            [91, 182, 1661]
          ],
          "cm_std": [
            [0, 0, 0],
            [0, 0, 0],
            [0, 0, 0]
          ],
          "cm_mean_normalized": [
            [0.651603498542274, 0.190962099125364, 0.157434402332362],
            [0.175313059033989, 0.595706618962433, 0.228980322003578],
            [0.047052740434333, 0.094105480868666, 0.858841778697001]
          ],
          "cm_std_normalized": [
            [0, 0, 0],
            [0, 0, 0],
            [0, 0, 0]
          ]
        },
        "cv_test_ens_acc": 0.834389140271493,
        "cv_test_ens_f1": 0.746543504456564,
        "cv_test_ens_confusion": {
          "cm_mean": [
            [146, 27, 19],
            [31, 96, 67],
            [14, 25, 680]
          ],
          "cm_std": [
            [0, 0, 0],
            [0, 0, 0],
            [0, 0, 0]
          ],
          "cm_mean_normalized": [
            [0.760416666666667, 0.140625, 0.0989583333333333],
            [0.15979381443299, 0.494845360824742, 0.345360824742268],
            [0.019471488178025, 0.0347705146036161, 0.945757997218359]
          ],
          "cm_std_normalized": [
            [0, 0, 0],
            [0, 0, 0],
            [0, 0, 0]
          ]
        },
        "full_test_acc": 0.818099547511312,
        "full_test_f1": 0.719420555363639
      },
      {
        "fusion_method": "add",
        "seed": 43,
        "cv_val_f1_folds": [0.735527169416967, 0.697891973654634, 0.720415161823695, 0.706288694742664, 0.685504818176176],
        "cv_test_f1_folds": [0.732386528071918, 0.741182256838021, 0.732613100586146, 0.74756174531666, 0.722601543283864],
        "cv_val_f1_mean": 0.709125563562827,
        "cv_val_f1_std": 0.0194722931374198,
        "cv_test_f1_mean": 0.735269034819322,
        "cv_test_f1_std": 0.00951190175010347,
        "cv_val_confusion": {
          "cm_mean": [
            [93, 23.8, 20.4],
            [19.6, 67.8, 24.4],
            [20.2, 34.6, 332]
          ],
          "cm_std": [
            [4, 4.08656334834051, 4.82700735445887],
            [4.39317652729776, 6.53452370108182, 5.68330889535313],
            [2.58843582110896, 2.79284800875379, 2.23606797749979]
          ],
          "cm_mean_normalized": [
            [0.677842565597668, 0.173469387755102, 0.14868804664723],
            [0.175313059033989, 0.606440071556351, 0.21824686940966],
            [0.0522233712512927, 0.0894519131334023, 0.858324715615305]
          ],
          "cm_std_normalized": [
            [0.0291545189504373, 0.029785447145339, 0.0351822693473678],
            [0.0392949599937188, 0.0584483336411611, 0.050834605504053],
            [0.00669192301217414, 0.00722039299057339, 0.00578094099663855]
          ]
        },
        "cv_val_oof_ens_acc": 0.775086505190311,
        "cv_val_oof_ens_f1": 0.709400668479952,
        "cv_val_oof_ens_confusion": {
          "cm_mean": [
            [465, 119, 102],
            [98, 339, 122],
            [101, 173, 1660]
          ],
          "cm_std": [
            [0, 0, 0],
            [0, 0, 0],
            [0, 0, 0]
          ],
          "cm_mean_normalized": [
            [0.677842565597668, 0.173469387755102, 0.14868804664723],
            [0.175313059033989, 0.606440071556351, 0.21824686940966],
            [0.0522233712512927, 0.0894519131334023, 0.858324715615305]
          ],
          "cm_std_normalized": [
            [0, 0, 0],
            [0, 0, 0],
            [0, 0, 0]
          ]
        },
        "cv_test_ens_acc": 0.838009049773756,
        "cv_test_ens_f1": 0.751190059743057,
        "cv_test_ens_confusion": {
          "cm_mean": [
            [149, 25, 18],
            [30, 95, 69],
            [17, 20, 682]
          ],
          "cm_std": [
            [0, 0, 0],
            [0, 0, 0],
            [0, 0, 0]
          ],
          "cm_mean_normalized": [
            [0.776041666666667, 0.130208333333333, 0.09375],
            [0.154639175257732, 0.489690721649485, 0.355670103092784],
            [0.023643949930459, 0.0278164116828929, 0.948539638386648]
          ],
          "cm_std_normalized": [
            [0, 0, 0],
            [0, 0, 0],
            [0, 0, 0]
          ]
        },
        "full_test_acc": 0.821719457013575,
        "full_test_f1": 0.72484008148714
      },
      {
        "fusion_method": "add",
        "seed": 44,
        "cv_val_f1_folds": [0.688859626802544, 0.681125822373184, 0.678534899038845, 0.681314784506274, 0.690104707459412],
        "cv_test_f1_folds": [0.72708271924972, 0.731756678600358, 0.727457443684944, 0.731131375108156, 0.696539216163127],
        "cv_val_f1_mean": 0.683987968036052,
        "cv_val_f1_std": 0.00515318614495159,
        "cv_test_f1_mean": 0.722793486561261,
        "cv_test_f1_std": 0.0148264621892398,
        "cv_val_confusion": {
          "cm_mean": [
            [85.8, 30.2, 21.2],
            [18.8, 65.8, 27.2],
            [22.8, 34.6, 329.4]
          ],
          "cm_std": [
            [6.45755371638518, 4.96990945591567, 3.89871773792359],
            [3.63318042491699, 6.05805249234438, 5.93295878967653],
            [4.14728827066554, 3.04959013639538, 4.03732584763727]
          ],
          "cm_mean_normalized": [
            [0.625364431486881, 0.220116618075802, 0.154518950437318],
            [0.168157423971377, 0.588550983899821, 0.243291592128801],
            [0.0589451913133402, 0.0894519131334023, 0.851602895553258]
          ],
          "cm_std_normalized": [
            [0.0470667180494546, 0.0362238298536128, 0.0284163100431748],
            [0.0324971415466636, 0.0541865160317029, 0.0530676099255504],
            [0.0107220482695593, 0.0078841523691711, 0.0104377607229505]
          ]
        },
        "cv_val_oof_ens_acc": 0.756527209814407,
        "cv_val_oof_ens_f1": 0.68435245401116,
        "cv_val_oof_ens_confusion": {
          "cm_mean": [
            [429, 151, 106],
            [94, 329, 136],
            [114, 173, 1647]
          ],
          "cm_std": [
            [0, 0, 0],
            [0, 0, 0],
            [0, 0, 0]
          ],
          "cm_mean_normalized": [
            [0.625364431486881, 0.220116618075802, 0.154518950437318],
            [0.168157423971377, 0.588550983899821, 0.243291592128801],
            [0.0589451913133402, 0.0894519131334023, 0.851602895553258]
          ],
          "cm_std_normalized": [
            [0, 0, 0],
            [0, 0, 0],
            [0, 0, 0]
          ]
        },
        "cv_test_ens_acc": 0.829864253393665,
        "cv_test_ens_f1": 0.743843037708346,
        "cv_test_ens_confusion": {
          "cm_mean": [
            [143, 26, 23],
            [29, 98, 67],
            [15, 28, 676]
          ],
          "cm_std": [
            [0, 0, 0],
            [0, 0, 0],
            [0, 0, 0]
          ],
          "cm_mean_normalized": [
            [0.744791666666667, 0.135416666666667, 0.119791666666667],
            [0.149484536082474, 0.505154639175258, 0.345360824742268],
            [0.0208623087621697, 0.0389429763560501, 0.94019471488178]
          ],
          "cm_std_normalized": [
            [0, 0, 0],
            [0, 0, 0],
            [0, 0, 0]
          ]
        },
        "full_test_acc": 0.823529411764706,
        "full_test_f1": 0.725414801763539
      }
    ],
    "mul": [
      {
        "fusion_method": "mul",
        "seed": 42,
        "cv_val_f1_folds": [0.669576316508224, 0.72187174756224, 0.689516002941036, 0.705219418262897, 0.685373000235811],
        "cv_test_f1_folds": [0.690966768951445, 0.737272484201045, 0.735688099203524, 0.729932744233345, 0.694641496953604],
        "cv_val_f1_mean": 0.694311297102041,
        "cv_val_f1_std": 0.0199579107045609,
        "cv_test_f1_mean": 0.717700318708593,
        "cv_test_f1_std": 0.0229273531331169,
        "cv_val_confusion": {
          "cm_mean": [
            [86, 29.4, 21.8],
            [18.8, 66.6, 26.4],
            [19, 32.8, 335]
          ],
          "cm_std": [
            [4.74341649025257, 5.17687164221791, 0.836660026534076],
            [3.3466401061363, 4.77493455452533, 3.91152144312159],
            [9.1104335791443, 5.80517010948, 6.6332495807108]
          ],
          "cm_mean_normalized": [
            [0.626822157434402, 0.214285714285714, 0.158892128279883],
            [0.168157423971377, 0.595706618962433, 0.23613595706619],
            [0.0491209927611169, 0.0847983453981386, 0.866080661840745]
          ],
          "cm_std_normalized": [
            [0.0345730064887213, 0.0377323005992559, 0.00609810514966527],
            [0.0299341691067648, 0.0427096114000477, 0.0349867749831985],
            [0.0235533443100938, 0.0150081957328852, 0.017149042349304]
          ]
        },
        "cv_val_oof_ens_acc": 0.766907832651777,
        "cv_val_oof_ens_f1": 0.694249887215748,
        "cv_val_oof_ens_confusion": {
          "cm_mean": [
            [430, 147, 109],
            [94, 333, 132],
            [95, 164, 1675]
          ],
          "cm_std": [
            [0, 0, 0],
            [0, 0, 0],
            [0, 0, 0]
          ],
          "cm_mean_normalized": [
            [0.626822157434402, 0.214285714285714, 0.158892128279883],
            [0.168157423971377, 0.595706618962433, 0.23613595706619],
            [0.0491209927611169, 0.0847983453981386, 0.866080661840745]
          ],
          "cm_std_normalized": [
            [0, 0, 0],
            [0, 0, 0],
            [0, 0, 0]
          ]
        },
        "cv_test_ens_acc": 0.819909502262443,
        "cv_test_ens_f1": 0.723470130006625,
        "cv_test_ens_confusion": {
          "cm_mean": [
            [144, 27, 21],
            [37, 88, 69],
            [15, 30, 674]
          ],
          "cm_std": [
            [0, 0, 0],
            [0, 0, 0],
            [0, 0, 0]
          ],
          "cm_mean_normalized": [
            [0.75, 0.140625, 0.109375],
            [0.190721649484536, 0.45360824742268, 0.355670103092784],
            [0.0208623087621697, 0.0417246175243394, 0.937413073713491]
          ],
          "cm_std_normalized": [
            [0, 0, 0],
            [0, 0, 0],
            [0, 0, 0]
          ]
        },
        "full_test_acc": 0.782805429864253,
        "full_test_f1": 0.676722128945096
      },
      {
        "fusion_method": "mul",
        "seed": 43,
        "cv_val_f1_folds": [0.748544708232144, 0.690263918992351, 0.685681986689246, 0.717103569194683, 0.687431199425457],
