{
  "benchmark_type": "kfold_plus_full_multiseed",
  "methods": [
    "sent",
    "term",
    "concat",
    "add",
    "mul",
    "cross",
    "gated_concat",
    "bilinear",
    "coattn",
    "late_interaction"
  ],
  "seeds": [42, 43, 44],
  "k_folds": 5,
  "config": {
    "model_name": "roberta-base",
    "fusion_method": "concat",
    "epochs": 10,
    "train_batch_size": 16,
    "eval_batch_size": 32,
    "lr": 0.00002,
    "warmup_ratio": 0.1,
    "dropout": 0.1,
    "freeze_epochs": 3,
    "rolling_k": 3,
    "early_stop_patience": 5,
    "k_folds": 5,
    "seed": 42,
    "max_len_sent": 24,
    "max_len_term": 4,
    "output_dir": "/kaggle/working/A-MoE-ASC/saved_model",
    "output_name": "phase1_locked_baseline",
    "verbose_report": false,
    "train_full_only": false,
    "head_type": "linear",
    "do_ensemble_logits": true,
    "loss_type": "ce",
    "class_weights": "",
    "focal_gamma": 2
  },
  "runs": {
    "sent": [
      {
        "fusion_method": "sent",
        "seed": 42,
        "cv_val_f1_folds": [0.680502851670308, 0.678622448437005, 0.691809854834138, 0.697839117169804, 0.69477419058131],
        "cv_test_f1_folds": [0.705100402078879, 0.701516497269484, 0.733503769825895, 0.720681385301095, 0.710901134172023],
        "cv_val_f1_mean": 0.688709692538513,
        "cv_val_f1_std": 0.00864349853167386,
        "cv_test_f1_mean": 0.714340637729475,
        "cv_test_f1_std": 0.0129334974934246,
        "cv_val_confusion": {
          "cm_mean": [
            [94.8, 18.8, 23.6],
            [25.2, 54.4, 32.2],
            [21, 25.4, 340.4]
          ],
          "cm_std": [
            [9.41806774237688, 7.42967024840268, 2.88097205817759],
            [3.70135110466435, 5.41294744108974, 3.42052627529741],
            [10.6301458127347, 4.03732584763727, 12.381437719425]
          ],
          "cm_mean_normalized": [
            [0.690962099125364, 0.137026239067055, 0.17201166180758],
            [0.225402504472272, 0.486583184257603, 0.288014311270125],
            [0.0542916235780765, 0.0656670113753878, 0.880041365046536]
          ],
          "cm_std_normalized": [
            [0.0686448086179073, 0.0541521155131391, 0.0209983386164547],
            [0.0331068971794665, 0.0484163456269208, 0.0305950471851289],
            [0.0274822797640503, 0.0104377607229505, 0.0320099217151629]
          ]
        },
        "cv_val_oof_ens_acc": 0.770053475935829,
        "cv_val_oof_ens_f1": 0.689370240825862,
        "cv_val_oof_ens_confusion": {
          "cm_mean": [
            [474, 94, 118],
            [126, 272, 161],
            [105, 127, 1702]
          ],
          "cm_std": [
            [0, 0, 0],
            [0, 0, 0],
            [0, 0, 0]
          ],
          "cm_mean_normalized": [
            [0.690962099125364, 0.137026239067055, 0.17201166180758],
            [0.225402504472272, 0.486583184257603, 0.288014311270125],
            [0.0542916235780765, 0.0656670113753878, 0.880041365046536]
          ],
          "cm_std_normalized": [
            [0, 0, 0],
            [0, 0, 0],
            [0, 0, 0]
          ]
        },
        "cv_test_ens_acc": 0.817194570135747,
        "cv_test_ens_f1": 0.70932832871093,
        "cv_test_ens_confusion": {
          "cm_mean": [
            [155, 15, 22],
            [45, 71, 78],
            [19, 23, 677]
          ],
          "cm_std": [
            [0, 0, 0],
            [0, 0, 0],
            [0, 0, 0]
          ],
          "cm_mean_normalized": [
            [0.807291666666667, 0.078125, 0.114583333333333],
            [0.231958762886598, 0.365979381443299, 0.402061855670103],
            [0.0264255910987483, 0.0319888734353268, 0.941585535465925]
          ],
          "cm_std_normalized": [
            [0, 0, 0],
            [0, 0, 0],
            [0, 0, 0]
          ]
        },
        "full_test_acc": 0.817194570135747,
        "full_test_f1": 0.706080658432684
      },
      {
        "fusion_method": "sent",
        "seed": 43,
        "cv_val_f1_folds": [0.724630524248842, 0.692920932278932, 0.689844670965952, 0.697224042020756, 0.668517637905481],
        "cv_test_f1_folds": [0.72016856293327, 0.722185896330327, 0.707079152731327, 0.647009166059426, 0.697871720655928],
        "cv_val_f1_mean": 0.694627561483993,
        "cv_val_f1_std": 0.0200900237684874,
        "cv_test_f1_mean": 0.698862899742056,
        "cv_test_f1_std": 0.0306398123356995,
        "cv_val_confusion": {
          "cm_mean": [
            [96, 16.4, 24.8],
            [23.8, 54, 34],
            [21, 23.2, 342.6]
          ],
          "cm_std": [
            [8.80340843082951, 6.14817045957576, 5.16720427310553],
            [3.3466401061363, 5.8309518948453, 4.52769256906871],
            [8.33666600026653, 6.45755371638518, 13.5018517248561]
          ],
          "cm_mean_normalized": [
            [0.699708454810496, 0.119533527696793, 0.180758017492711],
            [0.212880143112701, 0.483005366726297, 0.304114490161002],
            [0.0542916235780765, 0.0599793174767322, 0.885729058945191]
          ],
          "cm_std_normalized": [
            [0.0641647844812646, 0.0448117380435551, 0.0376618387252589],
            [0.0299341691067648, 0.0521552047839472, 0.0404981446249437],
            [0.021552911065839, 0.0166948131240568, 0.0349065453072805]
          ]
        },
        "cv_val_oof_ens_acc": 0.774771940861906,
        "cv_val_oof_ens_f1": 0.69525776653525,
        "cv_val_oof_ens_confusion": {
          "cm_mean": [
            [480, 82, 124],
            [119, 270, 170],
            [105, 116, 1713]
          ],
          "cm_std": [
            [0, 0, 0],
            [0, 0, 0],
            [0, 0, 0]
          ],
          "cm_mean_normalized": [
            [0.699708454810496, 0.119533527696793, 0.180758017492711],
            [0.212880143112701, 0.483005366726297, 0.304114490161002],
            [0.0542916235780765, 0.0599793174767322, 0.885729058945191]
          ],
          "cm_std_normalized": [
            [0, 0, 0],
            [0, 0, 0],
            [0, 0, 0]
          ]
        },
        "cv_test_ens_acc": 0.819909502262443,
        "cv_test_ens_f1": 0.707653925202452,
        "cv_test_ens_confusion": {
          "cm_mean": [
            [147, 23, 22],
            [42, 72, 80],
            [19, 13, 687]
          ],
          "cm_std": [
            [0, 0, 0],
            [0, 0, 0],
            [0, 0, 0]
          ],
          "cm_mean_normalized": [
            [0.765625, 0.119791666666667, 0.114583333333333],
            [0.216494845360825, 0.371134020618557, 0.412371134020619],
            [0.0264255910987483, 0.0180806675938804, 0.955493741307371]
          ],
          "cm_std_normalized": [
            [0, 0, 0],
            [0, 0, 0],
            [0, 0, 0]
          ]
        },
        "full_test_acc": 0.832579185520362,
        "full_test_f1": 0.737126017310199
      },
      {
        "fusion_method": "sent",
        "seed": 44,
        "cv_val_f1_folds": [0.676680572042528, 0.668315936483334, 0.700879204642067, 0.690394247952958, 0.678191477349939],
        "cv_test_f1_folds": [0.697414534510861, 0.719241733287735, 0.715972932291802, 0.727347532081971, 0.693144167847264],
        "cv_val_f1_mean": 0.682892287694165,
        "cv_val_f1_std": 0.0127765569781722,
        "cv_test_f1_mean": 0.710624180003927,
        "cv_test_f1_std": 0.0146849194704302,
        "cv_val_confusion": {
          "cm_mean": [
            [92.8, 20.8, 23.6],
            [24, 57, 30.8],
            [21.2, 32.2, 333.4]
          ],
          "cm_std": [
            [5.40370243444252, 4.43846820423443, 4.09878030638384],
            [3.80788655293195, 3.53553390593274, 3.56370593624109],
            [3.27108544675923, 3.56370593624109, 5.7706152185014]
          ],
          "cm_mean_normalized": [
            [0.676384839650146, 0.151603498542274, 0.17201166180758],
            [0.214669051878354, 0.509838998211091, 0.275491949910555],
            [0.0548086866597725, 0.0832471561530507, 0.861944157187177]
          ],
          "cm_std_normalized": [
            [0.0393855862568697, 0.0323503513428165, 0.0298744920290367],
            [0.0340598081657599, 0.0316237379779315, 0.0318757239377557],
            [0.00845678760796077, 0.00921330386825515, 0.0149188604407999]
          ]
        },
        "cv_val_oof_ens_acc": 0.759987417426864,
        "cv_val_oof_ens_f1": 0.683075518985505,
        "cv_val_oof_ens_confusion": {
          "cm_mean": [
            [464, 104, 118],
            [120, 285, 154],
            [106, 161, 1667]
          ],
          "cm_std": [
            [0, 0, 0],
            [0, 0, 0],
            [0, 0, 0]
          ],
          "cm_mean_normalized": [
            [0.676384839650146, 0.151603498542274, 0.17201166180758],
            [0.214669051878354, 0.509838998211091, 0.275491949910555],
            [0.0548086866597725, 0.0832471561530507, 0.861944157187177]
          ],
          "cm_std_normalized": [
            [0, 0, 0],
            [0, 0, 0],
            [0, 0, 0]
          ]
        },
        "cv_test_ens_acc": 0.819004524886878,
        "cv_test_ens_f1": 0.717122530526145,
        "cv_test_ens_confusion": {
          "cm_mean": [
            [150, 21, 21],
            [39, 78, 77],
            [15, 27, 677]
          ],
          "cm_std": [
            [0, 0, 0],
            [0, 0, 0],
            [0, 0, 0]
          ],
          "cm_mean_normalized": [
            [0.78125, 0.109375, 0.109375],
            [0.201030927835052, 0.402061855670103, 0.396907216494845],
            [0.0208623087621697, 0.0375521557719054, 0.941585535465925]
          ],
          "cm_std_normalized": [
            [0, 0, 0],
            [0, 0, 0],
            [0, 0, 0]
          ]
        },
        "full_test_acc": 0.813574660633484,
        "full_test_f1": 0.697788310315442
      }
    ],
    "term": [
      {
        "fusion_method": "term",
        "seed": 42,
        "cv_val_f1_folds": [0.394451233593862, 0.46404716498775, 0.407766408685497, 0.465903548107938, 0.426514188984874],
        "cv_test_f1_folds": [0.411332386575701, 0.420027277493757, 0.409964574778465, 0.423519407763105, 0.415494634421588],
        "cv_val_f1_mean": 0.431736508871984,
        "cv_val_f1_std": 0.0324167979190625,
        "cv_test_f1_mean": 0.416067656206523,
        "cv_test_f1_std": 0.0057272580123354,
        "cv_val_confusion": {
          "cm_mean": [
            [25.4, 11.8, 100],
            [12, 26, 73.8],
            [25.8, 25.8, 335.2]
          ],
          "cm_std": [
            [6.98569967862919, 2.04939015319192, 8.21583836257749],
            [5, 7.10633520177595, 5.35723809439155],
            [6.37965516309463, 3.89871773792359, 6.83373982530796]
          ],
          "cm_mean_normalized": [
            [0.185131195335277, 0.0860058309037901, 0.728862973760933],
            [0.107334525939177, 0.232558139534884, 0.660107334525939],
            [0.0667011375387797, 0.0667011375387797, 0.866597724922441]
          ],
          "cm_std_normalized": [
            [0.0509161784156647, 0.0149372460145184, 0.0598822038088739],
            [0.0447227191413238, 0.0635629266706256, 0.0479180509337348],
            [0.0164934207939365, 0.0100794150411675, 0.017667372867911]
          ]
        },
        "cv_val_oof_ens_acc": 0.608052846807172,
        "cv_val_oof_ens_f1": 0.432779857146806,
        "cv_val_oof_ens_confusion": {
          "cm_mean": [
            [127, 59, 500],
            [60, 130, 369],
            [129, 129, 1676]
          ],
          "cm_std": [
            [0, 0, 0],
            [0, 0, 0],
            [0, 0, 0]
          ],
          "cm_mean_normalized": [
            [0.185131195335277, 0.0860058309037901, 0.728862973760933],
            [0.107334525939177, 0.232558139534884, 0.660107334525939],
            [0.0667011375387797, 0.0667011375387797, 0.866597724922441]
          ],
          "cm_std_normalized": [
            [0, 0, 0],
            [0, 0, 0],
            [0, 0, 0]
          ]
        },
        "cv_test_ens_acc": 0.657013574660634,
        "cv_test_ens_f1": 0.41833340278777,
        "cv_test_ens_confusion": {
          "cm_mean": [
            [33, 6, 153],
            [14, 28, 152],
            [31, 23, 665]
          ],
          "cm_std": [
            [0, 0, 0],
            [0, 0, 0],
            [0, 0, 0]
          ],
          "cm_mean_normalized": [
            [0.171875, 0.03125, 0.796875],
            [0.0721649484536082, 0.144329896907216, 0.783505154639175],
            [0.043115438108484, 0.0319888734353268, 0.924895688456189]
          ],
          "cm_std_normalized": [
            [0, 0, 0],
            [0, 0, 0],
            [0, 0, 0]
          ]
        },
        "full_test_acc": 0.652488687782805,
        "full_test_f1": 0.40984005268097
      },
      {
        "fusion_method": "term",
        "seed": 43,
        "cv_val_f1_folds": [0.43912834257534, 0.430045309148935, 0.419345723714219, 0.447519361625929, 0.454312769847657],
        "cv_test_f1_folds": [0.417796527084931, 0.425517452255766, 0.391314608803571, 0.399523333586543, 0.433881945826908],
        "cv_val_f1_mean": 0.438070301382416,
        "cv_val_f1_std": 0.0138675185387978,
        "cv_test_f1_mean": 0.413606773511544,
        "cv_test_f1_std": 0.0177889347844384,
        "cv_val_confusion": {
          "cm_mean": [
            [27, 11.2, 99],
            [10.4, 27.6, 73.8],
            [30.2, 26.2, 330.4]
          ],
          "cm_std": [
            [5.78791845139511, 2.77488738510232, 6.70820393249937],
            [1.8165902124585, 5.02991053598372, 5.6302753041037],
            [9.5236547606473, 5.35723809439155, 11.8659175793531]
          ],
          "cm_mean_normalized": [
            [0.196793002915452, 0.0816326530612245, 0.721574344023324],
            [0.0930232558139535, 0.246869409660107, 0.660107334525939],
            [0.078076525336091, 0.0677352637021717, 0.854188210961737]
          ],
          "cm_std_normalized": [
            [0.0421859945436962, 0.0202251267135738, 0.0488936146683628],
            [0.0162485707733318, 0.044990255241357, 0.0503602442227522],
            [0.0246216513977438, 0.0138501501923256, 0.0306771395536532]
          ]
        },
        "cv_val_oof_ens_acc": 0.605536332179931,
        "cv_val_oof_ens_f1": 0.439453659894165,
        "cv_val_oof_ens_confusion": {
          "cm_mean": [
            [135, 56, 495],
            [52, 138, 369],
            [151, 131, 1652]
          ],
          "cm_std": [
            [0, 0, 0],
            [0, 0, 0],
            [0, 0, 0]
          ],
          "cm_mean_normalized": [
            [0.196793002915452, 0.0816326530612245, 0.721574344023324],
            [0.0930232558139535, 0.246869409660107, 0.660107334525939],
            [0.078076525336091, 0.0677352637021717, 0.854188210961737]
          ],
          "cm_std_normalized": [
            [0, 0, 0],
            [0, 0, 0],
            [0, 0, 0]
          ]
        },
        "cv_test_ens_acc": 0.658823529411765,
        "cv_test_ens_f1": 0.415787612044648,
        "cv_test_ens_confusion": {
          "cm_mean": [
            [31, 5, 156],
            [15, 28, 151],
            [28, 22, 669]
          ],
          "cm_std": [
            [0, 0, 0],
            [0, 0, 0],
            [0, 0, 0]
          ],
          "cm_mean_normalized": [
            [0.161458333333333, 0.0260416666666667, 0.8125],
            [0.077319587628866, 0.144329896907216, 0.778350515463918],
            [0.0389429763560501, 0.0305980528511822, 0.930458970792768]
          ],
          "cm_std_normalized": [
            [0, 0, 0],
            [0, 0, 0],
            [0, 0, 0]
          ]
        },
        "full_test_acc": 0.642533936651584,
        "full_test_f1": 0.419169253889091
      },
      {
        "fusion_method": "term",
        "seed": 44,
        "cv_val_f1_folds": [0.440185781784327, 0.406886987317486, 0.450390312864958, 0.421321339616315, 0.460363636363636],
        "cv_test_f1_folds": [0.437181821835017, 0.404859749790914, 0.44739894816279, 0.41358314863336, 0.435198174592262],
        "cv_val_f1_mean": 0.435829611589344,
        "cv_val_f1_std": 0.021685675383858,
        "cv_test_f1_mean": 0.427644368602869,
        "cv_test_f1_std": 0.0177138587983187,
        "cv_val_confusion": {
          "cm_mean": [
            [27, 12.4, 97.8],
            [10.6, 27, 74.2],
            [29, 27.6, 330.2]
          ],
          "cm_std": [
            [6.6332495807108, 5.02991053598372, 8.19756061276768],
            [4.82700735445887, 2.34520787991172, 6.53452370108182],
            [9.9498743710662, 8.14248119432891, 15.3687995627505]
          ],
          "cm_mean_normalized": [
            [0.196793002915452, 0.0903790087463557, 0.712827988338193],
            [0.0948121645796064, 0.241502683363148, 0.663685152057245],
            [0.0749741468459152, 0.0713547052740434, 0.853671147880041]
          ],
          "cm_std_normalized": [
            [0.0483473001509534, 0.0366611555100854, 0.0597489840580735],
            [0.0431753788413137, 0.0209768146682622, 0.0584483336411611],
            [0.025723563523956, 0.0210508820949558, 0.039733194319417]
          ]
        },
        "cv_val_oof_ens_acc": 0.60427807486631,
        "cv_val_oof_ens_f1": 0.436612072758841,
        "cv_val_oof_ens_confusion": {
          "cm_mean": [
            [135, 62, 489],
            [53, 135, 371],
            [145, 138, 1651]
          ],
          "cm_std": [
            [0, 0, 0],
            [0, 0, 0],
            [0, 0, 0]
          ],
          "cm_mean_normalized": [
            [0.196793002915452, 0.0903790087463557, 0.712827988338192],
            [0.0948121645796064, 0.241502683363148, 0.663685152057245],
            [0.0749741468459152, 0.0713547052740434, 0.853671147880041]
          ],
          "cm_std_normalized": [
            [0, 0, 0],
            [0, 0, 0],
            [0, 0, 0]
          ]
        },
        "cv_test_ens_acc": 0.662443438914027,
        "cv_test_ens_f1": 0.43563104224606,
        "cv_test_ens_confusion": {
          "cm_mean": [
            [39, 5, 148],
            [16, 30, 148],
            [33, 23, 663]
          ],
          "cm_std": [
            [0, 0, 0],
            [0, 0, 0],
            [0, 0, 0]
          ],
          "cm_mean_normalized": [
            [0.203125, 0.0260416666666667, 0.770833333333333],
            [0.0824742268041237, 0.154639175257732, 0.762886597938144],
            [0.0458970792767733, 0.0319888734353268, 0.9221140472879]
          ],
          "cm_std_normalized": [
            [0, 0, 0],
            [0, 0, 0],
            [0, 0, 0]
          ]
        },
        "full_test_acc": 0.639819004524887,
        "full_test_f1": 0.403722005769787
      }
    ],
    "concat": [
      {
        "fusion_method": "concat",
        "seed": 42,
        "cv_val_f1_folds": [0.697770076027452, 0.71650859174079, 0.697819517788565, 0.726758510283196, 0.692928630210245],
        "cv_test_f1_folds": [0.714910500386014, 0.693714986251448, 0.69924116297007, 0.718133629383608, 0.728855577154501],
        "cv_val_f1_mean": 0.70635706521005,
        "cv_val_f1_std": 0.014544942572223,
        "cv_test_f1_mean": 0.710971171229128,
        "cv_test_f1_std": 0.0143356209323662,
        "cv_val_confusion": {
          "cm_mean": [
            [95.6, 19, 22.6],
            [23.8, 58.6, 29.4],
            [18.8, 24.8, 343.2]
          ],
          "cm_std": [
            [2.30217288664427, 1.73205080756888, 3.36154726279432],
            [6.01664358259653, 4.50555213042752, 4.72228758124704],
            [6.05805249234438, 5.76194411635517, 7.19027120489902]
          ],
          "cm_mean_normalized": [
            [0.696793002915452, 0.138483965014577, 0.164723032069971],
            [0.212880143112701, 0.524150268336315, 0.262969588550984],
            [0.0486039296794209, 0.0641158221302999, 0.887280248190279]
          ],
          "cm_std_normalized": [
            [0.0167796857627133, 0.0126242770230968, 0.0245010733439819],
            [0.0538161322235826, 0.0403001085011406, 0.0422387082401345],
            [0.0156619764538376, 0.0148964429068128, 0.0185891189371743]
          ]
        },
        "cv_val_oof_ens_acc": 0.78232148474363,
        "cv_val_oof_ens_f1": 0.706388148388717,
        "cv_val_oof_ens_confusion": {
          "cm_mean": [
            [478, 95, 113],
            [119, 293, 147],
            [94, 124, 1716]
          ],
          "cm_std": [
            [0, 0, 0],
            [0, 0, 0],
            [0, 0, 0]
          ],
          "cm_mean_normalized": [
            [0.696793002915452, 0.138483965014577, 0.164723032069971],
            [0.212880143112701, 0.524150268336315, 0.262969588550984],
            [0.0486039296794209, 0.0641158221302999, 0.887280248190279]
          ],
          "cm_std_normalized": [
            [0, 0, 0],
            [0, 0, 0],
            [0, 0, 0]
          ]
        },
        "cv_test_ens_acc": 0.826244343891403,
        "cv_test_ens_f1": 0.720424035452726,
        "cv_test_ens_confusion": {
          "cm_mean": [
            [151, 20, 21],
            [43, 76, 75],
            [13, 20, 686]
          ],
          "cm_std": [
            [0, 0, 0],
            [0, 0, 0],
            [0, 0, 0]
          ],
          "cm_mean_normalized": [
            [0.786458333333333, 0.104166666666667, 0.109375],
            [0.221649484536082, 0.391752577319588, 0.38659793814433],
            [0.0180806675938804, 0.0278164116828929, 0.954102920723227]
          ],
          "cm_std_normalized": [
            [0, 0, 0],
            [0, 0, 0],
            [0, 0, 0]
          ]
        },
        "full_test_acc": 0.829864253393665,
        "full_test_f1": 0.729205318804903
      },
      {
        "fusion_method": "concat",
        "seed": 43,
        "cv_val_f1_folds": [0.742884299366076, 0.698169015677651, 0.706498206406146, 0.715384943773559, 0.714636722434888],
        "cv_test_f1_folds": [0.701534065551294, 0.71738474218848, 0.706839212912065, 0.723638374738799, 0.708072852145588],
        "cv_val_f1_mean": 0.715514637531664,
        "cv_val_f1_std": 0.0168229944723117,
        "cv_test_f1_mean": 0.711493849507245,
        "cv_test_f1_std": 0.00887071404838087,
        "cv_val_confusion": {
          "cm_mean": [
            [94.4, 18.8, 24],
            [19.6, 62.8, 29.4],
            [20.2, 24.2, 342.4]
          ],
          "cm_std": [
            [5.63914887194867, 5.11859355682789, 3.53553390593274],
            [3.04959013639538, 6.26099033699941, 4.72228758124704],
            [6.76017751246223, 6.18061485614498, 11.0589330407594]
          ],
          "cm_mean_normalized": [
            [0.688046647230321, 0.137026239067055, 0.174927113702624],
            [0.175313059033989, 0.561717352415027, 0.262969588550984],
            [0.0522233712512927, 0.062564632885212, 0.885211995863495]
          ],
          "cm_std_normalized": [
            [0.0411016681628912, 0.0373075332130313, 0.0257691975651074],
            [0.0272771926332324, 0.0560017024776334, 0.0422387082401345],
            [0.0174771910870275, 0.015978838821471, 0.028590829991622]
          ]
        },
        "cv_val_oof_ens_acc": 0.785781692356087,
        "cv_val_oof_ens_f1": 0.715963333688457,
        "cv_val_oof_ens_confusion": {
          "cm_mean": [
            [472, 94, 120],
            [98, 314, 147],
            [101, 121, 1712]
          ],
          "cm_std": [
            [0, 0, 0],
            [0, 0, 0],
            [0, 0, 0]
          ],
          "cm_mean_normalized": [
            [0.688046647230321, 0.137026239067055, 0.174927113702624],
            [0.175313059033989, 0.561717352415027, 0.262969588550984],
            [0.0522233712512927, 0.062564632885212, 0.885211995863495]
          ],
          "cm_std_normalized": [
            [0, 0, 0],
            [0, 0, 0],
            [0, 0, 0]
          ]
        },
        "cv_test_ens_acc": 0.826244343891403,
        "cv_test_ens_f1": 0.731022996833109,
        "cv_test_ens_confusion": {
          "cm_mean": [
            [149, 22, 21],
            [33, 84, 77],
            [15, 24, 680]
          ],
          "cm_std": [
            [0, 0, 0],
            [0, 0, 0],
            [0, 0, 0]
          ],
          "cm_mean_normalized": [
            [0.776041666666667, 0.114583333333333, 0.109375],
            [0.170103092783505, 0.43298969072165, 0.396907216494845],
            [0.0208623087621697, 0.0333796940194715, 0.945757997218359]
          ],
          "cm_std_normalized": [
            [0, 0, 0],
            [0, 0, 0],
            [0, 0, 0]
          ]
        },
        "full_test_acc": 0.827149321266968,
        "full_test_f1": 0.730891609297348
      },
      {
        "fusion_method": "concat",
        "seed": 44,
        "cv_val_f1_folds": [0.691132733656098, 0.700971161687301, 0.692635627105213, 0.68688463134782, 0.707100029795201],
        "cv_test_f1_folds": [0.712431156339799, 0.72174529786697, 0.714680670626238, 0.72105363213455, 0.737390382128907],
        "cv_val_f1_mean": 0.695744836718327,
        "cv_val_f1_std": 0.00815010430572629,
        "cv_test_f1_mean": 0.721460227819293,
        "cv_test_f1_std": 0.00976604997973534,
        "cv_val_confusion": {
          "cm_mean": [
            [92, 22.2, 23],
            [22.4, 60.2, 29.2],
            [19.4, 29.2, 338.2]
          ],
          "cm_std": [
            [8.97217922246318, 8.28854631404084, 6.04152298679729],
            [7.95612971236643, 6.05805249234438, 2.28035085019828],
            [6.18869937870632, 4.76445169982864, 3.63318042491699]
          ],
          "cm_mean_normalized": [
            [0.670553935860058, 0.161807580174927, 0.167638483965015],
            [0.200357781753131, 0.538461538461539, 0.261180679785331],
            [0.0501551189245088, 0.0754912099276112, 0.87435367114788]
          ],
          "cm_std_normalized": [
            [0.0653948922920057, 0.0604121451460703, 0.044034424102021],
            [0.0711639509156211, 0.0541865160317029, 0.0203966981234193],
            [0.015999739862219, 0.0123176103925249, 0.00939291733432521]
          ]
        },
        "cv_val_oof_ens_acc": 0.77131173324945,
        "cv_val_oof_ens_f1": 0.696071347578889,
        "cv_val_oof_ens_confusion": {
          "cm_mean": [
            [460, 111, 115],
            [112, 301, 146],
            [97, 146, 1691]
          ],
          "cm_std": [
            [0, 0, 0],
            [0, 0, 0],
            [0, 0, 0]
          ],
          "cm_mean_normalized": [
            [0.670553935860058, 0.161807580174927, 0.167638483965015],
            [0.200357781753131, 0.538461538461538, 0.261180679785331],
            [0.0501551189245088, 0.0754912099276112, 0.87435367114788]
          ],
          "cm_std_normalized": [
            [0, 0, 0],
            [0, 0, 0],
            [0, 0, 0]
          ]
        },
        "cv_test_ens_acc": 0.823529411764706,
        "cv_test_ens_f1": 0.726557028941784,
        "cv_test_ens_confusion": {
          "cm_mean": [
            [145, 25, 22],
            [38, 87, 69],
            [13, 28, 678]
          ],
          "cm_std": [
            [0, 0, 0],
            [0, 0, 0],
            [0, 0, 0]
          ],
          "cm_mean_normalized": [
            [0.755208333333333, 0.130208333333333, 0.114583333333333],
            [0.195876288659794, 0.448453608247423, 0.355670103092784],
            [0.0180806675938804, 0.0389429763560501, 0.94297635605007]
          ],
          "cm_std_normalized": [
            [0, 0, 0],
            [0, 0, 0],
            [0, 0, 0]
          ]
        },
        "full_test_acc": 0.82262443438914,
        "full_test_f1": 0.722261023859861
      }
    ],
    "add": [
      {
        "fusion_method": "add",
        "seed": 42,
        "cv_val_f1_folds": [0.678045867092767, 0.706043112055503, 0.70190316805664, 0.720042286380869, 0.699832632905159],
        "cv_test_f1_folds": [0.725905566701587, 0.689208153870079, 0.734501433957223, 0.706255502954095, 0.691407498389765],
        "cv_val_f1_mean": 0.701173413298188,
        "cv_val_f1_std": 0.0151406899194769,
        "cv_test_f1_mean": 0.70945563117455,
        "cv_test_f1_std": 0.0202720797570938,
        "cv_val_confusion": {
          "cm_mean": [
            [96.4, 18.6, 22.2],
            [25, 59, 27.8],
            [20.8, 28.4, 337.6]
          ],
          "cm_std": [
            [3.91152144312159, 5.17687164221791, 2.48997991959775],
            [5.61248608016091, 5.78791845139511, 3.76828873628335],
            [8.75785361832453, 6.34822809924155, 9.31665175908169]
          ],
          "cm_mean_normalized": [
            [0.702623906705539, 0.135568513119534, 0.161807580174927],
            [0.223613595706619, 0.527728085867621, 0.24865831842576],
            [0.0537745604963806, 0.0734229576008273, 0.872802481902792]
          ],
          "cm_std_normalized": [
            [0.0285096315096326, 0.0377323005992559, 0.0181485416880302],
            [0.0502011277295252, 0.0517702902629259, 0.0337056237592429],
            [0.0226418139046653, 0.0164121719215138, 0.0240864833481947]
          ]
        },
        "cv_val_oof_ens_acc": 0.775401069518717,
        "cv_val_oof_ens_f1": 0.701244128230528,
        "cv_val_oof_ens_confusion": {
          "cm_mean": [
            [482, 93, 111],
            [125, 295, 139],
            [104, 142, 1688]
          ],
          "cm_std": [
            [0, 0, 0],
            [0, 0, 0],
            [0, 0, 0]
          ],
          "cm_mean_normalized": [
            [0.702623906705539, 0.135568513119534, 0.161807580174927],
            [0.223613595706619, 0.527728085867621, 0.24865831842576],
            [0.0537745604963806, 0.0734229576008273, 0.872802481902792]
          ],
          "cm_std_normalized": [
            [0, 0, 0],
            [0, 0, 0],
            [0, 0, 0]
          ]
        },
        "cv_test_ens_acc": 0.819909502262443,
        "cv_test_ens_f1": 0.705166754513289,
        "cv_test_ens_confusion": {
          "cm_mean": [
            [149, 23, 20],
            [48, 71, 75],
            [18, 15, 686]
          ],
          "cm_std": [
            [0, 0, 0],
            [0, 0, 0],
            [0, 0, 0]
          ],
          "cm_mean_normalized": [
            [0.776041666666667, 0.119791666666667, 0.104166666666667],
            [0.247422680412371, 0.365979381443299, 0.38659793814433],
            [0.0250347705146036, 0.0208623087621697, 0.954102920723227]
          ],
          "cm_std_normalized": [
            [0, 0, 0],
            [0, 0, 0],
            [0, 0, 0]
          ]
        },
        "full_test_acc": 0.829864253393665,
        "full_test_f1": 0.731866372925651
      },
      {
        "fusion_method": "add",
        "seed": 43,
        "cv_val_f1_folds": [0.761882584845601, 0.699223349718215, 0.704584728765654, 0.710050033026604, 0.70679860337605],
        "cv_test_f1_folds": [0.688985922418963, 0.721620926357408, 0.695983083531825, 0.734438537406036, 0.72643849034622],
        "cv_val_f1_mean": 0.716507859946425,
        "cv_val_f1_std": 0.0256697984133818,
        "cv_test_f1_mean": 0.71349339201209,
        "cv_test_f1_std": 0.0198718297466554,
        "cv_val_confusion": {
          "cm_mean": [
            [92.4, 20.6, 24.2],
            [19.2, 64, 28.6],
            [20, 22.6, 344.2]
          ],
          "cm_std": [
            [9.52890339965728, 8.32466215530697, 6.9065186599328],
            [2.58843582110896, 4, 3.36154726279432],
            [7.96868872525461, 5.68330889535313, 12.5777581468241]
          ],
          "cm_mean_normalized": [
            [0.673469387755102, 0.150145772594752, 0.176384839650146],
            [0.171735241502683, 0.572450805008945, 0.255813953488372],
            [0.0517063081695967, 0.0584281282316443, 0.889865563598759]
          ],
          "cm_std_normalized": [
            [0.0694526486855487, 0.0606753801407213, 0.05033905728814],
            [0.0231523776485595, 0.035778175313059, 0.0300675068228472],
            [0.0206015737467803, 0.014693146058307, 0.0325174719411171]
          ]
        },
        "cv_val_oof_ens_acc": 0.787354513998113,
        "cv_val_oof_ens_f1": 0.71675338756703,
        "cv_val_oof_ens_confusion": {
          "cm_mean": [
            [462, 103, 121],
            [96, 320, 143],
            [100, 113, 1721]
          ],
          "cm_std": [
            [0, 0, 0],
            [0, 0, 0],
            [0, 0, 0]
          ],
          "cm_mean_normalized": [
            [0.673469387755102, 0.150145772594752, 0.176384839650146],
            [0.171735241502683, 0.572450805008945, 0.255813953488372],
            [0.0517063081695967, 0.0584281282316443, 0.889865563598759]
          ],
          "cm_std_normalized": [
            [0, 0, 0],
            [0, 0, 0],
            [0, 0, 0]
          ]
        },
        "cv_test_ens_acc": 0.826244343891403,
        "cv_test_ens_f1": 0.722570212428217,
        "cv_test_ens_confusion": {
          "cm_mean": [
            [149, 25, 18],
            [37, 78, 79],
            [13, 20, 686]
          ],
          "cm_std": [
            [0, 0, 0],
            [0, 0, 0],
            [0, 0, 0]
          ],
          "cm_mean_normalized": [
            [0.776041666666667, 0.130208333333333, 0.09375],
            [0.190721649484536, 0.402061855670103, 0.407216494845361],
            [0.0180806675938804, 0.0278164116828929, 0.954102920723227]
          ],
          "cm_std_normalized": [
            [0, 0, 0],
            [0, 0, 0],
            [0, 0, 0]
          ]
        },
        "full_test_acc": 0.824434389140272,
        "full_test_f1": 0.714099045034312
      },
      {
        "fusion_method": "add",
        "seed": 44,
        "cv_val_f1_folds": [0.700716183840723, 0.686891814063104, 0.682151657706093, 0.695744839925808, 0.713308295935603],
        "cv_test_f1_folds": [0.722129544230302, 0.72372459194874, 0.741177987834523, 0.725487109525309, 0.714779477947795],
        "cv_val_f1_mean": 0.695762558294266,
        "cv_val_f1_std": 0.0122100199366088,
        "cv_test_f1_mean": 0.725459742297334,
        "cv_test_f1_std": 0.00968546596977206,
        "cv_val_confusion": {
          "cm_mean": [
            [94, 21.2, 22],
            [23.2, 58.6, 30],
            [22.2, 26.2, 338.4]
          ],
          "cm_std": [
            [11.9791485507109, 11.4978258814438, 4.84767985741633],
            [8.52642949891688, 5.72712842531054, 4.06201920231798],
            [5.76194411635517, 7.36206492772238, 5.85662018573853]
          ],
          "cm_mean_normalized": [
            [0.685131195335277, 0.154518950437318, 0.160349854227405],
            [0.207513416815742, 0.524150268336315, 0.268336314847943],
            [0.0573940020682523, 0.0677352637021717, 0.874870734229576]
          ],
          "cm_std_normalized": [
            [0.0873115783579515, 0.0838033956373459, 0.0353329435671744],
            [0.0762650223516716, 0.0512265512102911, 0.0363329087863862],
            [0.0148964429068128, 0.0190332598958697, 0.0151412104078039]
          ]
        },
        "cv_val_oof_ens_acc": 0.772255426234665,
        "cv_val_oof_ens_f1": 0.696202843173604,
        "cv_val_oof_ens_confusion": {
          "cm_mean": [
            [470, 106, 110],
            [116, 293, 150],
            [111, 131, 1692]
          ],
          "cm_std": [
            [0, 0, 0],
            [0, 0, 0],
            [0, 0, 0]
          ],
          "cm_mean_normalized": [
            [0.685131195335277, 0.154518950437318, 0.160349854227405],
            [0.207513416815742, 0.524150268336315, 0.268336314847943],
            [0.0573940020682523, 0.0677352637021717, 0.874870734229576]
          ],
          "cm_std_normalized": [
            [0, 0, 0],
            [0, 0, 0],
            [0, 0, 0]
          ]
        },
        "cv_test_ens_acc": 0.832579185520362,
        "cv_test_ens_f1": 0.735772402704065,
        "cv_test_ens_confusion": {
          "cm_mean": [
            [152, 20, 20],
            [40, 84, 70],
            [12, 23, 684]
          ],
          "cm_std": [
            [0, 0, 0],
            [0, 0, 0],
            [0, 0, 0]
          ],
          "cm_mean_normalized": [
            [0.791666666666667, 0.104166666666667, 0.104166666666667],
            [0.206185567010309, 0.43298969072165, 0.360824742268041],
            [0.0166898470097357, 0.0319888734353268, 0.951321279554937]
          ],
          "cm_std_normalized": [
            [0, 0, 0],
            [0, 0, 0],
            [0, 0, 0]
          ]
        },
        "full_test_acc": 0.816289592760181,
        "full_test_f1": 0.707654920347794
      }
    ],
    "mul": [
      {
        "fusion_method": "mul",
        "seed": 42,
        "cv_val_f1_folds": [0.674959580636354, 0.69219593657479, 0.698199528712227, 0.718513492593615, 0.703363317016947],
        "cv_test_f1_folds": [0.701732872538685, 0.702864356412669, 0.715086355190844, 0.69597039828653, 0.714748161257297],
        "cv_val_f1_mean": 0.697446371106787,
        "cv_val_f1_std": 0.0159108760872801,
        "cv_test_f1_mean": 0.706080428737205,
        "cv_test_f1_std": 0.00848076323419236,
        "cv_val_confusion": {
          "cm_mean": [
            [93.4, 18.8, 25],
            [23.8, 55.6, 32.4],
            [19.6, 21.2, 346]
          ],
          "cm_std": [
            [2.70185121722126, 1.48323969741913, 2.91547594742265],
            [5.44977063737549, 6.18869937870632, 2.96647939483827],
            [4.27784992724149, 3.96232255123179, 6.20483682299543]
          ],
          "cm_mean_normalized": [
            [0.680758017492712, 0.137026239067055, 0.182215743440233],
            [0.212880143112701, 0.497316636851521, 0.289803220035778],
            [0.0506721820062048, 0.0548086866597725, 0.894519131334023]
          ],
          "cm_std_normalized": [
            [0.0196927931284348, 0.0108107849666118, 0.0212498246896695],
            [0.0487457123199954, 0.0553550928327936, 0.0265338049627752],
            [0.0110595913320618, 0.0102438535450667, 0.0160414602455931]
          ]
        },
        "cv_val_oof_ens_acc": 0.778546712802768,
        "cv_val_oof_ens_f1": 0.697880498162,
        "cv_val_oof_ens_confusion": {
          "cm_mean": [
            [467, 94, 125],
            [119, 278, 162],
            [98, 106, 1730]
          ],
          "cm_std": [
            [0, 0, 0],
            [0, 0, 0],
            [0, 0, 0]
          ],
          "cm_mean_normalized": [
            [0.680758017492711, 0.137026239067055, 0.182215743440233],
            [0.212880143112701, 0.497316636851521, 0.289803220035778],
            [0.0506721820062048, 0.0548086866597725, 0.894519131334023]
          ],
          "cm_std_normalized": [
            [0, 0, 0],
            [0, 0, 0],
            [0, 0, 0]
          ]
        },
        "cv_test_ens_acc": 0.82262443438914,
        "cv_test_ens_f1": 0.716885339402978,
        "cv_test_ens_confusion": {
          "cm_mean": [
            [150, 22, 20],
            [43, 77, 74],
            [17, 20, 682]
          ],
          "cm_std": [
            [0, 0, 0],
            [0, 0, 0],
            [0, 0, 0]
          ],
          "cm_mean_normalized": [
            [0.78125, 0.114583333333333, 0.104166666666667],
            [0.221649484536082, 0.396907216494845, 0.381443298969072],
            [0.023643949930459, 0.0278164116828929, 0.948539638386648]
          ],
          "cm_std_normalized": [
            [0, 0, 0],
            [0, 0, 0],
            [0, 0, 0]
          ]
        },
        "full_test_acc": 0.813574660633484,
        "full_test_f1": 0.704949515261843
      },
      {
        "fusion_method": "mul",
        "seed": 43,
        "cv_val_f1_folds": [0.705885531217121, 0.679856088031973, 0.691110853492027, 0.699237527420698, 0.665936892544797],
