{
  "benchmark_type": "kfold_plus_full_multiseed",
  "methods": [
    "sent",
    "term",
    "concat",
    "add",
    "mul",
    "cross",
    "gated_concat",
    "bilinear",
    "coattn",
    "late_interaction",
    "moe"
  ],
  "seeds": [
    42,
    43,
    44
  ],
  "k_folds": 5,
  "config": {
    "model_name": "roberta-base",
    "fusion_method": "concat",
    "epochs": 10,
    "train_batch_size": 16,
    "eval_batch_size": 32,
    "lr": 2e-05,
    "warmup_ratio": 0.1,
    "dropout": 0.1,
    "freeze_epochs": 3,
    "rolling_k": 3,
    "early_stop_patience": 3,
    "k_folds": 5,
    "seed": 42,
    "max_len_sent": 24,
    "max_len_term": 4,
    "output_dir": "saved_model",
    "output_name": "phase1_locked_baseline",
    "verbose_report": false,
    "train_full_only": false,
    "head_type": "linear",
    "do_ensemble_logits": true
  },
  "runs": {
    "sent": [
      {
        "fusion_method": "sent",
        "seed": 42,
        "cv_val_f1_folds": [
          0.7077709123980983,
          0.7986862476620041,
          0.7344287144712788,
          0.7082216813760439,
          0.7445795401758795
        ],
        "cv_test_f1_folds": [
          0.7378640759270528,
          0.7129223797804602,
          0.747710136557285,
          0.6968076709398631,
          0.7188600548812859
        ],
        "cv_val_f1_mean": 0.7387374192166609,
        "cv_val_f1_std": 0.037204476028952355,
        "cv_test_f1_mean": 0.7228328636171895,
        "cv_test_f1_std": 0.020224537111280846,
        "cv_val_confusion": {
          "cm_mean": [
            [
              126.6,
              16.2,
              10.6
            ],
            [
              17.0,
              45.2,
              18.4
            ],
            [
              11.8,
              18.2,
              145.4
            ]
          ],
          "cm_std": [
            [
              5.128352561983234,
              4.43846820423443,
              3.5777087639996634
            ],
            [
              1.4142135623730951,
              4.8166378315169185,
              5.029910535983717
            ],
            [
              3.8987177379235853,
              5.403702434442518,
              7.266360849833979
            ]
          ],
          "cm_mean_normalized": [
            [
              0.8252933507170797,
              0.10560625814863105,
              0.06910039113428945
            ],
            [
              0.21091811414392062,
              0.5607940446650125,
              0.228287841191067
            ],
            [
              0.06727480045610035,
              0.10376282782212086,
              0.8289623717217788
            ]
          ],
          "cm_std_normalized": [
            [
              0.03343124225543178,
              0.02893395178770815,
              0.02332274292046717
            ],
            [
              0.0175460739748523,
              0.05975977458457716,
              0.06240583791543074
            ],
            [
              0.02222758117402272,
              0.030807881610276616,
              0.04142737086564412
            ]
          ]
        },
        "cv_test_confusion": {
          "cm_mean": [
            [
              107.4,
              9.0,
              9.6
            ],
            [
              45.6,
              80.8,
              40.6
            ],
            [
              16.0,
              25.0,
              300.0
            ]
          ],
          "cm_std": [
            [
              0.5477225575051661,
              2.5495097567963922,
              2.701851217221259
            ],
            [
              3.209361307176242,
              9.884331034521255,
              8.1117199162693
            ],
            [
              2.449489742783178,
              6.2048368229954285,
              6.519202405202649
            ]
          ],
          "cm_mean_normalized": [
            [
              0.8523809523809525,
              0.07142857142857142,
              0.07619047619047618
            ],
            [
              0.27305389221556886,
              0.4838323353293413,
              0.24311377245508983
            ],
            [
              0.0469208211143695,
              0.07331378299120235,
              0.8797653958944281
            ]
          ],
          "cm_std_normalized": [
            [
              0.0043470044246441755,
              0.020234204419018985,
              0.02144326362874015
            ],
            [
              0.01921773237830085,
              0.059187610985157214,
              0.04857317315131317
            ],
            [
              0.007183254377663278,
              0.01819600241347633,
              0.019117895616430056
            ]
          ]
        },
        "full_test_acc": 0.7854889589905363,
        "full_test_f1": 0.7423055131902413
      },
      {
        "fusion_method": "sent",
        "seed": 43,
        "cv_val_f1_folds": [
          0.7371875829819755,
          0.7458163956639566,
          0.7230015612698447,
          0.7449636488669998,
          0.7595421426481878
        ],
        "cv_test_f1_folds": [
          0.7085113312644576,
          0.7195798170147428,
          0.7359532561309962,
          0.7230166700115847,
          0.7318555104276276
        ],
        "cv_val_f1_mean": 0.7421022662861929,
        "cv_val_f1_std": 0.01337088814301879,
        "cv_test_f1_mean": 0.7237833169698817,
        "cv_test_f1_std": 0.01077912836483891,
        "cv_val_confusion": {
          "cm_mean": [
            [
              126.0,
              15.2,
              12.2
            ],
            [
              19.2,
              45.8,
              15.6
            ],
            [
              11.4,
              17.6,
              146.4
            ]
          ],
          "cm_std": [
            [
              7.516648189186454,
              7.293833011524188,
              4.207136793592526
            ],
            [
              3.8987177379235853,
              2.5884358211089573,
              2.8809720581775866
            ],
            [
              4.159326868617084,
              3.361547262794322,
              5.029910535983716
            ]
          ],
          "cm_mean_normalized": [
            [
              0.8213820078226859,
              0.09908735332464147,
              0.07953063885267275
            ],
            [
              0.23821339950372208,
              0.5682382133995038,
              0.19354838709677422
            ],
            [
              0.06499429874572406,
              0.10034207525655645,
              0.8346636259977195
            ]
          ],
          "cm_std_normalized": [
            [
              0.04900031414072005,
              0.04754780320419941,
              0.027425924338934333
            ],
            [
              0.0483711878154291,
              0.03211458835122776,
              0.035744070200714476
            ],
            [
              0.02371338009473822,
              0.019165035705782908,
              0.028676798950876374
            ]
          ]
        },
        "cv_test_confusion": {
          "cm_mean": [
            [
              108.0,
              8.0,
              10.0
            ],
            [
              47.8,
              78.2,
              41.0
            ],
            [
              14.8,
              21.8,
              304.4
            ]
          ],
          "cm_std": [
            [
              3.6742346141747673,
              2.9154759474226504,
              1.7320508075688772
            ],
            [
              7.014271166700073,
              5.495452665613634,
              8.831760866327848
            ],
            [
              4.604345773288536,
              3.420526275297414,
              4.929503017546495
            ]
          ],
          "cm_mean_normalized": [
            [
              0.8571428571428571,
              0.06349206349206349,
              0.07936507936507936
            ],
            [
              0.2862275449101796,
              0.4682634730538922,
              0.24550898203592814
            ],
            [
              0.04340175953079179,
              0.06392961876832845,
              0.8926686217008797
            ]
          ],
          "cm_std_normalized": [
            [
              0.029160592175990218,
              0.02313869799541786,
              0.013746434980705375
            ],
            [
              0.04200162375269505,
              0.03290690218930319,
              0.052884795606753576
            ],
            [
              0.013502480273573418,
              0.01003086884251441,
              0.014456020579315236
            ]
          ]
        },
        "full_test_acc": 0.7791798107255521,
        "full_test_f1": 0.7259761629298938
      },
      {
        "fusion_method": "sent",
        "seed": 44,
        "cv_val_f1_folds": [
          0.7190467003639824,
          0.7562595275229761,
          0.7507592991063533,
          0.6964719976040731,
          0.731954520602378
        ],
        "cv_test_f1_folds": [
          0.696743847552549,
          0.7520543716846534,
          0.7211059881233269,
          0.707930068740417,
          0.7228613367706966
        ],
        "cv_val_f1_mean": 0.7308984090399526,
        "cv_val_f1_std": 0.024312535138609162,
        "cv_test_f1_mean": 0.7201391225743287,
        "cv_test_f1_std": 0.020756494729113645,
        "cv_val_confusion": {
          "cm_mean": [
            [
              124.8,
              16.0,
              12.6
            ],
            [
              18.2,
              44.0,
              18.4
            ],
            [
              12.4,
              17.2,
              145.8
            ]
          ],
          "cm_std": [
            [
              6.723094525588644,
              5.477225575051661,
              5.224940191045253
            ],
            [
              4.08656334834051,
              5.522680508593631,
              2.9664793948382653
            ],
            [
              6.348228099241551,
              2.3874672772626644,
              7.791020472312981
            ]
          ],
          "cm_mean_normalized": [
            [
              0.8135593220338982,
              0.1043024771838331,
              0.08213820078226858
            ],
            [
              0.22580645161290322,
              0.5459057071960298,
              0.228287841191067
            ],
            [
              0.07069555302166476,
              0.09806157354618016,
              0.8312428734321551
            ]
          ],
          "cm_std_normalized": [
            [
              0.04382721333499768,
              0.03570551222328332,
              0.03406088781646188
            ],
            [
              0.05070177851539095,
              0.06851960928776217,
              0.036804955270946224
            ],
            [
              0.036192862595447836,
              0.013611558023162282,
              0.04441858878171597
            ]
          ]
        },
        "cv_test_confusion": {
          "cm_mean": [
            [
              107.2,
              8.4,
              10.4
            ],
            [
              46.0,
              76.8,
              44.2
            ],
            [
              14.8,
              21.4,
              304.8
            ]
          ],
          "cm_std": [
            [
              6.833739825307955,
              5.683308895353129,
              2.8809720581775866
            ],
            [
              11.554220008291344,
              9.364827814754525,
              5.06951674225463
            ],
            [
              4.658325879540846,
              3.209361307176242,
              4.604345773288535
            ]
          ],
          "cm_mean_normalized": [
            [
              0.8507936507936508,
              0.06666666666666667,
              0.08253968253968254
            ],
            [
              0.2754491017964072,
              0.4598802395209581,
              0.26467065868263473
            ],
            [
              0.04340175953079179,
              0.06275659824046921,
              0.8938416422287391
            ]
          ],
          "cm_std_normalized": [
            [
              0.054236030359586934,
              0.04510562615359626,
              0.022864857604584017
            ],
            [
              0.06918694615743319,
              0.056076813262003145,
              0.030356387678171438
            ],
            [
              0.013660779705398375,
              0.009411616736587221,
              0.013502480273573416
            ]
          ]
        },
        "full_test_acc": 0.7539432176656151,
        "full_test_f1": 0.697636652913734
      }
    ],
    "term": [
      {
        "fusion_method": "term",
        "seed": 42,
        "cv_val_f1_folds": [
          0.5042687285761559,
          0.4636244134534712,
          0.4751686456189545,
          0.43014488091887476,
          0.47759305729091533
        ],
        "cv_test_f1_folds": [
          0.4454011693409708,
          0.4289732507665691,
          0.46350318019140785,
          0.457069828905272,
          0.4485520494597921
        ],
        "cv_val_f1_mean": 0.47015994517167436,
        "cv_val_f1_std": 0.026868503323021858,
        "cv_test_f1_mean": 0.4486998957328023,
        "cv_test_f1_std": 0.013126661685539309,
        "cv_val_confusion": {
          "cm_mean": [
            [
              83.0,
              17.6,
              52.8
            ],
            [
              34.0,
              14.2,
              32.4
            ],
            [
              38.6,
              11.8,
              125.0
            ]
          ],
          "cm_std": [
            [
              9.40744386111339,
              3.2093613071762426,
              9.959919678390985
            ],
            [
              5.916079783099616,
              4.494441010848846,
              5.856620185738529
            ],
            [
              9.989994994993742,
              4.43846820423443,
              10.344080432788601
            ]
          ],
          "cm_mean_normalized": [
            [
              0.5410691003911343,
              0.11473272490221645,
              0.3441981747066493
            ],
            [
              0.42183622828784123,
              0.1761786600496278,
              0.40198511166253104
            ],
            [
              0.22006841505131128,
              0.06727480045610035,
              0.7126567844925883
            ]
          ],
          "cm_std_normalized": [
            [
              0.061326231167623146,
              0.020921520907276683,
              0.06492776843801165
            ],
            [
              0.07340049358684388,
              0.055762295419960875,
              0.0726627814607758
            ],
            [
              0.05695550168183433,
              0.025304835828018412,
              0.05897423279811061
            ]
          ]
        },
        "cv_test_confusion": {
          "cm_mean": [
            [
              53.6,
              16.8,
              55.6
            ],
            [
              63.0,
              36.8,
              67.2
            ],
            [
              74.2,
              17.6,
              249.2
            ]
          ],
          "cm_std": [
            [
              5.639148871948674,
              7.155417527999327,
              9.016651263079881
            ],
            [
              9.16515138991168,
              2.5884358211089573,
              9.17605579756357
            ],
            [
              14.20211251891774,
              6.54217089351845,
              18.740330840195966
            ]
          ],
          "cm_mean_normalized": [
            [
              0.4253968253968254,
              0.13333333333333333,
              0.44126984126984126
            ],
            [
              0.3772455089820359,
              0.22035928143712574,
              0.40239520958083835
            ],
            [
              0.21759530791788856,
              0.05161290322580646,
              0.7307917888563049
            ]
          ],
          "cm_std_normalized": [
            [
              0.044755149777370426,
              0.056789027999994655,
              0.07156072431015778
            ],
            [
              0.054881146047375325,
              0.015499615695263218,
              0.05494644190157827
            ],
            [
              0.04164842380914294,
              0.01918525188715088,
              0.05495698193605855
            ]
          ]
        },
        "full_test_acc": 0.5504731861198738,
        "full_test_f1": 0.4743852760435617
      },
      {
        "fusion_method": "term",
        "seed": 43,
        "cv_val_f1_folds": [
          0.47013173203424535,
          0.47528412656619956,
          0.4833753310941809,
          0.4645318384278641,
          0.4648644192904166
        ],
        "cv_test_f1_folds": [
          0.43721336059986365,
          0.4614258165220024,
          0.4909384032998135,
          0.38166783644258845,
          0.4390153682740232
        ],
        "cv_val_f1_mean": 0.4716374894825813,
        "cv_val_f1_std": 0.007901059263656229,
        "cv_test_f1_mean": 0.4420521570276582,
        "cv_test_f1_std": 0.04013759449104084,
        "cv_val_confusion": {
          "cm_mean": [
            [
              91.6,
              13.2,
              48.6
            ],
            [
              37.4,
              12.8,
              30.4
            ],
            [
              44.2,
              11.0,
              120.2
            ]
          ],
          "cm_std": [
            [
              11.216059914247962,
              5.974947698515862,
              11.104053313993049
            ],
            [
              8.648699324175862,
              3.63318042491699,
              6.767569726275452
            ],
            [
              13.773162309360913,
              2.345207879911715,
              13.386560424545209
            ]
          ],
          "cm_mean_normalized": [
            [
              0.5971316818774445,
              0.08604954367666232,
              0.31681877444589307
            ],
            [
              0.4640198511166253,
              0.15880893300248142,
              0.3771712158808933
            ],
            [
              0.2519954389965793,
              0.06271379703534777,
              0.685290763968073
            ]
          ],
          "cm_std_normalized": [
            [
              0.07311642708114707,
              0.03895011537494043,
              0.07238626671442665
            ],
            [
              0.1073039618384102,
              0.04507668020988821,
              0.08396488494138278
            ],
            [
              0.07852430050946929,
              0.013370626453316504,
              0.07632018486057701
            ]
          ]
        },
        "cv_test_confusion": {
          "cm_mean": [
            [
              60.4,
              13.4,
              52.2
            ],
            [
              71.4,
              34.0,
              61.6
            ],
            [
              84.6,
              18.0,
              238.4
            ]
          ],
          "cm_std": [
            [
              4.560701700396551,
              4.669047011971501,
              8.167006795638168
            ],
            [
              10.549881515922348,
              14.212670403551895,
              12.895735729302148
            ],
            [
              18.22909761891685,
              6.2048368229954285,
              20.06987792688336
            ]
          ],
          "cm_mean_normalized": [
            [
              0.4793650793650793,
              0.10634920634920635,
              0.4142857142857143
            ],
            [
              0.42754491017964075,
              0.20359281437125748,
              0.36886227544910183
            ],
            [
              0.24809384164222872,
              0.05278592375366569,
              0.6991202346041056
            ]
          ],
          "cm_std_normalized": [
            [
              0.036196045241242474,
              0.03705592866644049,
              0.06481751425109657
            ],
            [
              0.06317294320911586,
              0.08510581079971195,
              0.07721997442695896
            ],
            [
              0.05345776427834853,
              0.01819600241347633,
              0.05885594699965795
            ]
          ]
        },
        "full_test_acc": 0.5362776025236593,
        "full_test_f1": 0.4509874754097443
      },
      {
        "fusion_method": "term",
        "seed": 44,
        "cv_val_f1_folds": [
          0.48657371772125874,
          0.4565640804224625,
          0.521281033676185,
          0.4671382257589154,
          0.36264642691896753
        ],
        "cv_test_f1_folds": [
          0.439508276339859,
          0.4658992997195512,
          0.4314508754827057,
          0.4583189534725614,
          0.26973356009070293
        ],
        "cv_val_f1_mean": 0.4588406968995578,
        "cv_val_f1_std": 0.0591508361004514,
        "cv_test_f1_mean": 0.4129821930210761,
        "cv_test_f1_std": 0.08127197886433163,
        "cv_val_confusion": {
          "cm_mean": [
            [
              94.6,
              15.6,
              43.2
            ],
            [
              35.4,
              14.8,
              30.4
            ],
            [
              59.8,
              11.2,
              104.4
            ]
          ],
          "cm_std": [
            [
              10.382677881933928,
              7.503332592921628,
              10.305338422390601
            ],
            [
              5.856620185738529,
              4.8166378315169185,
              2.9664793948382653
            ],
            [
              28.331960751066983,
              6.418722614352485,
              24.21363252384904
            ]
          ],
          "cm_mean_normalized": [
            [
              0.6166883963494133,
              0.1016949152542373,
              0.28161668839634946
            ],
            [
              0.43920595533498763,
              0.18362282878411912,
              0.3771712158808933
            ],
            [
              0.34093500570125423,
              0.0638540478905359,
              0.5952109464082098
            ]
          ],
          "cm_std_normalized": [
            [
              0.0676836889304689,
              0.04891351103599497,
              0.06717952035456716
            ],
            [
              0.0726627814607758,
              0.05975977458457716,
              0.036804955270946224
            ],
            [
              0.16152771237780492,
              0.036594769751154416,
              0.1380480759626513
            ]
          ]
        },
        "cv_test_confusion": {
          "cm_mean": [
            [
              63.4,
              15.8,
              46.8
            ],
            [
              74.4,
              32.6,
              60.0
            ],
            [
              113.6,
              19.2,
              208.2
            ]
          ],
          "cm_std": [
            [
              2.8809720581775866,
              6.760177512462229,
              8.105553651663778
            ],
            [
              7.893034904268447,
              14.51895313030523,
              7.483314773547883
            ],
            [
              52.386066849879086,
              5.357238094391549,
              50.805511512039715
            ]
          ],
          "cm_mean_normalized": [
            [
              0.5031746031746032,
              0.1253968253968254,
              0.3714285714285714
            ],
            [
              0.4455089820359282,
              0.19520958083832335,
              0.3592814371257485
            ],
            [
              0.33313782991202345,
              0.0563049853372434,
              0.6105571847507331
            ]
          ],
          "cm_std_normalized": [
            [
              0.02286485760458402,
              0.05365220247985896,
              0.06432979088622046
            ],
            [
              0.047263682061487705,
              0.08693983910362413,
              0.04481026810507714
            ],
            [
              0.15362482947178618,
              0.01571037564337698,
              0.14898976983002848
            ]
          ]
        },
        "full_test_acc": 0.5252365930599369,
        "full_test_f1": 0.4529203333746484
      }
    ],
    "concat": [
      {
        "fusion_method": "concat",
        "seed": 42,
        "cv_val_f1_folds": [
          0.7294910647889082,
          0.7921943738666187,
          0.754056977067993,
          0.7183927884181102,
          0.7215724594611839
        ],
        "cv_test_f1_folds": [
          0.7024683879302431,
          0.7144334680670651,
          0.7269604109550937,
          0.736869664986525,
          0.7192542014479129
        ],
        "cv_val_f1_mean": 0.7431415327205627,
        "cv_val_f1_std": 0.03077900538667474,
        "cv_test_f1_mean": 0.719997226677368,
        "cv_test_f1_std": 0.012960833248386327,
        "cv_val_confusion": {
          "cm_mean": [
            [
              127.6,
              15.4,
              10.4
            ],
            [
              18.0,
              46.6,
              16.0
            ],
            [
              12.2,
              19.0,
              144.2
            ]
          ],
          "cm_std": [
            [
              7.436396977031283,
              6.107372593840988,
              1.6733200530681511
            ],
            [
              4.0,
              5.683308895353129,
              3.1622776601683795
            ],
            [
              3.5637059362410923,
              7.0710678118654755,
              8.228000972289685
            ]
          ],
          "cm_mean_normalized": [
            [
              0.8318122555410691,
              0.10039113428943937,
              0.06779661016949153
            ],
            [
              0.22332506203473948,
              0.5781637717121588,
              0.19851116625310175
            ],
            [
              0.06955530216647662,
              0.10832383124287345,
              0.82212086659065
            ]
          ],
          "cm_std_normalized": [
            [
              0.048477164126670684,
              0.03981338066389171,
              0.010908214166024452
            ],
            [
              0.04962779156327544,
              0.07051251731207356,
              0.03923421414600967
            ],
            [
              0.020317593707189812,
              0.04031395559786475,
              0.046909925725710865
            ]
          ]
        },
        "cv_test_confusion": {
          "cm_mean": [
            [
              107.6,
              10.0,
              8.4
            ],
            [
              48.2,
              80.0,
              38.8
            ],
            [
              16.4,
              24.8,
              299.8
            ]
          ],
          "cm_std": [
            [
              2.6076809620810595,
              3.9370039370059056,
              1.51657508881031
            ],
            [
              3.5637059362410923,
              8.455767262643882,
              7.9498427657407165
            ],
            [
              3.361547262794322,
              5.118593556827891,
              1.7888543819998317
            ]
          ],
          "cm_mean_normalized": [
            [
              0.8539682539682539,
              0.07936507936507936,
              0.06666666666666667
            ],
            [
              0.288622754491018,
              0.47904191616766467,
              0.23233532934131734
            ],
            [
              0.048093841642228734,
              0.07272727272727272,
              0.8791788856304986
            ]
          ],
          "cm_std_normalized": [
            [
              0.02069588065143698,
              0.03124606299211036,
              0.012036310228653254
            ],
            [
              0.021339556504437678,
              0.05063333690205917,
              0.047603848896650994
            ],
            [
              0.009857909861566927,
              0.015010538289817863,
              0.0052459072785918815
            ]
          ]
        },
        "full_test_acc": 0.7681388012618297,
        "full_test_f1": 0.7157357539050894
      },
      {
        "fusion_method": "concat",
        "seed": 43,
        "cv_val_f1_folds": [
          0.7453365481213582,
          0.741568237074421,
          0.7315906592584284,
          0.7357914682271538,
          0.7803287039081113
        ],
        "cv_test_f1_folds": [
          0.730024595358029,
          0.7090768429177402,
          0.7295391304289159,
          0.7319996647832211,
          0.7337037180915734
        ],
        "cv_val_f1_mean": 0.7469231233178946,
        "cv_val_f1_std": 0.01940440054020162,
        "cv_test_f1_mean": 0.7268687903158959,
        "cv_test_f1_std": 0.010083220275537888,
        "cv_val_confusion": {
          "cm_mean": [
            [
              127.4,
              16.0,
              10.0
            ],
            [
              17.6,
              45.2,
              17.8
            ],
            [
              11.8,
              15.4,
              148.2
            ]
          ],
          "cm_std": [
            [
              7.05691150575094,
              6.2048368229954285,
              4.183300132670378
            ],
            [
              3.5777087639996634,
              1.6431676725154982,
              3.271085446759225
            ],
            [
              3.8987177379235853,
              3.7815340802378077,
              6.016643582596529
            ]
          ],
          "cm_mean_normalized": [
            [
              0.8305084745762712,
              0.1043024771838331,
              0.0651890482398957
            ],
            [
              0.21836228287841192,
              0.5607940446650124,
              0.22084367245657566
            ],
            [
              0.06727480045610036,
              0.0877993158494869,
              0.8449258836944128
            ]
          ],
          "cm_std_normalized": [
            [
              0.0460033344573073,
              0.04044874069749301,
              0.027270535415061133
            ],
            [
              0.04438844620346977,
              0.020386695688777892,
              0.04058418668435763
            ],
            [
              0.022227581174022723,
              0.02155948734457131,
              0.03430241495208968
            ]
          ]
        },
        "cv_test_confusion": {
          "cm_mean": [
            [
              108.4,
              7.4,
              10.2
            ],
            [
              46.4,
              77.2,
              43.4
            ],
            [
              12.8,
              21.0,
              307.2
            ]
          ],
          "cm_std": [
            [
              4.615192303685731,
              2.5099800796022267,
              2.8635642126552705
            ],
            [
              7.829431652425353,
              3.5637059362410923,
              5.89915248150105
            ],
            [
              3.7013511046643495,
              3.7416573867739413,
              5.585696017507576
            ]
          ],
          "cm_mean_normalized": [
            [
              0.8603174603174603,
              0.05873015873015873,
              0.08095238095238094
            ],
            [
              0.2778443113772455,
              0.4622754491017964,
              0.25988023952095807
            ],
            [
              0.0375366568914956,
              0.06158357771260997,
              0.9008797653958944
            ]
          ],
          "cm_std_normalized": [
            [
              0.03662851034671215,
              0.019920476822239894,
              0.022726700100438653
            ],
            [
              0.04688282426602008,
              0.021339556504437678,
              0.03532426635629371
            ],
            [
              0.010854402066464368,
              0.01097260230725496,
              0.016380340227294943
            ]
          ]
        },
        "full_test_acc": 0.7933753943217665,
        "full_test_f1": 0.7447090410323437
      },
      {
        "fusion_method": "concat",
        "seed": 44,
        "cv_val_f1_folds": [
          0.7224701374802794,
          0.7482135257341785,
          0.7410139951040075,
          0.7148703462262785,
          0.7604418550831004
        ],
        "cv_test_f1_folds": [
          0.7476792424309973,
          0.7394318329214574,
          0.7420436670791054,
          0.7192712284577661,
          0.7236847230243262
        ],
        "cv_val_f1_mean": 0.7374019719255689,
        "cv_val_f1_std": 0.01865078054442491,
        "cv_test_f1_mean": 0.7344221387827304,
        "cv_test_f1_std": 0.01228594427507372,
        "cv_val_confusion": {
          "cm_mean": [
            [
              125.6,
              17.6,
              10.2
            ],
            [
              17.4,
              45.8,
              17.4
            ],
            [
              10.8,
              19.2,
              145.4
            ]
          ],
          "cm_std": [
            [
              3.4351128074635335,
              4.03732584763727,
              3.271085446759225
            ],
            [
              4.159326868617084,
              5.585696017507576,
              4.159326868617084
            ],
            [
              4.381780460041329,
              2.04939015319192,
              4.722287581247039
            ]
          ],
          "cm_mean_normalized": [
            [
              0.81877444589309,
              0.11473272490221645,
              0.06649282920469361
            ],
            [
              0.21588089330024815,
              0.5682382133995038,
              0.21588089330024815
            ],
            [
              0.06157354618015964,
              0.10946408209806156,
              0.8289623717217788
            ]
          ],
          "cm_std_normalized": [
            [
              0.022393173451522388,
              0.02631894294418038,
              0.021323894698560792
            ],
            [
              0.05160455171981494,
              0.06930143942317092,
              0.05160455171981494
            ],
            [
              0.02498164458404406,
              0.011684094373956214,
              0.026922962264806376
            ]
          ]
        },
        "cv_test_confusion": {
          "cm_mean": [
            [
              106.0,
              9.6,
              10.4
            ],
            [
              44.6,
              86.4,
              36.0
            ],
            [
              14.4,
              25.2,
              301.4
            ]
          ],
          "cm_std": [
            [
              3.1622776601683795,
              3.2093613071762426,
              0.5477225575051662
            ],
            [
              5.770615218501404,
              4.6690470119715,
              5.431390245600108
            ],
            [
              1.51657508881031,
              3.96232255123179,
              3.9115214431215892
            ]
          ],
          "cm_mean_normalized": [
            [
              0.8412698412698413,
              0.07619047619047618,
              0.08253968253968254
            ],
            [
              0.26706586826347306,
              0.5173652694610779,
              0.2155688622754491
            ],
            [
              0.04222873900293255,
              0.07390029325513196,
              0.8838709677419354
            ]
          ],
          "cm_std_normalized": [
            [
              0.025097441747368093,
              0.025471121485525734,
              0.004347004424644176
            ],
            [
              0.034554582146714995,
              0.027958365341146707,
              0.03252329488383298
            ],
            [
              0.0044474342780360995,
              0.011619714226486187,
              0.011470737369858033
            ]
          ]
        },
        "full_test_acc": 0.7870662460567823,
        "full_test_f1": 0.7408557215040412
      }
    ],
    "add": [
      {
        "fusion_method": "add",
        "seed": 42,
        "cv_val_f1_folds": [
          0.7054821171161761,
          0.8025593378507128,
          0.7361903063780341,
          0.7215809431810977,
          0.7286713097937588
        ],
        "cv_test_f1_folds": [
          0.7288372701231128,
          0.7269806961675721,
          0.7194997633368966,
          0.7231439021582226,
          0.7163823428343502
        ],
        "cv_val_f1_mean": 0.738896802863956,
        "cv_val_f1_std": 0.03735366251412406,
        "cv_test_f1_mean": 0.7229687949240309,
        "cv_test_f1_std": 0.005147342677921986,
        "cv_val_confusion": {
          "cm_mean": [
            [
              127.4,
              13.8,
              12.2
            ],
            [
              17.4,
              44.4,
              18.8
            ],
            [
              13.2,
              16.6,
              145.6
            ]
          ],
          "cm_std": [
            [
              5.029910535983717,
              3.8340579025361627,
              3.1144823004794873
            ],
            [
              2.302172886644268,
              5.029910535983716,
              5.357238094391549
            ],
            [
              4.764451699828639,
              6.024948132556827,
              9.555103348473004
            ]
          ],
          "cm_mean_normalized": [
            [
              0.8305084745762712,
              0.08996088657105607,
              0.07953063885267274
            ],
            [
              0.21588089330024815,
              0.5508684863523573,
              0.23325062034739458
            ],
            [
              0.07525655644241733,
              0.09464082098061574,
              0.8301026225769669
            ]
          ],
          "cm_std_normalized": [
            [
              0.03278950805726021,
              0.02499385855629832,
              0.02030301369282586
            ],
            [
              0.028562939040251464,
              0.06240583791543072,
              0.06646697387582567
            ],
            [
              0.027163350626160997,
              0.03434976130306058,
              0.05447607382253708
            ]
          ]
        },
        "cv_test_confusion": {
          "cm_mean": [
            [
              107.4,
              8.4,
              10.2
            ],
            [
              46.0,
              77.6,
              43.4
            ],
            [
              15.0,
              20.8,
              305.2
            ]
          ],
          "cm_std": [
            [
              1.816590212458495,
              3.209361307176242,
              2.16794833886788
            ],
            [
              2.449489742783178,
              1.140175425099138,
              2.0736441353327724
            ],
            [
